200, {'net_id': 'net_evo17_crossover81', 'acc1': 77.0260000390625, 'acc5': 93.07200001953125, 'flops': 203.389568, 'resolution': 192, 'width': [16, 16, 24, 32, 64, 112, 192, 216, 1792], 'kernel_size': [3, 3, 3, 3, 3, 3, 3], 'expand_ratio': [1, 4, 4, 4, 4, 6, 6], 'depth': [1, 3, 3, 3, 3, 3, 1]}

210, {'net_id': 'net_evo14_crossover52', 'acc1': 77.134, 'acc5': 93.05200002929688, 'flops': 212.651648, 'resolution': 192, 'width': [16, 16, 24, 32, 64, 112, 192, 216, 1792], 'kernel_size': [5, 3, 3, 3, 3, 3, 3], 'expand_ratio': [1, 4, 4, 6, 4, 6, 6], 'depth': [1, 3, 3, 3, 3, 3, 1]}

220, {'net_id': 'net_evo9_mutate4', 'acc1': 77.16, 'acc5': 93.08400001953125, 'flops': 222.618176, 'resolution': 192, 'width': [16, 16, 24, 32, 72, 120, 192, 216, 1792], 'kernel_size': [3, 3, 3, 3, 3, 3, 3], 'expand_ratio': [1, 4, 5, 4, 4, 6, 6], 'depth': [2, 3, 3, 3, 3, 3, 1]}

230, {'net_id': 'net_evo16_crossover89', 'acc1': 77.1940000390625, 'acc5': 93.048, 'flops': 228.991232, 'resolution': 192, 'width': [24, 16, 24, 32, 64, 112, 208, 216, 1984], 'kernel_size': [3, 3, 3, 5, 3, 3, 3], 'expand_ratio': [1, 4, 4, 6, 4, 6, 6], 'depth': [1, 3, 3, 3, 3, 3, 1]}

240, {'net_id': 'net_evo16_crossover101', 'acc1': 77.51, 'acc5': 93.38600001953125, 'flops': 241.409664, 'resolution': 192, 'width': [16, 16, 24, 32, 72, 112, 192, 216, 1792], 'kernel_size': [3, 3, 3, 3, 3, 3, 3], 'expand_ratio': [1, 4, 4, 4, 4, 6, 6], 'depth': [1, 3, 3, 3, 3, 5, 1]}

250, {'net_id': 'net_evo17_crossover100', 'acc1': 77.544, 'acc5': 93.416, 'flops': 249.681024, 'resolution': 192, 'width': [16, 16, 24, 32, 72, 112, 192, 216, 1792], 'kernel_size': [3, 3, 3, 3, 3, 3, 3], 'expand_ratio': [1, 4, 4, 6, 4, 6, 6], 'depth': [1, 3, 3, 3, 3, 5, 1]}

260, {'net_id': 'net_evo17_crossover35', 'acc1': 77.75, 'acc5': 93.55, 'flops': 263.706944, 'resolution': 192, 'width': [16, 16, 24, 32, 72, 112, 200, 216, 1792], 'kernel_size': [3, 3, 3, 3, 3, 3, 3], 'expand_ratio': [1, 4, 4, 4, 4, 6, 6], 'depth': [1, 3, 3, 3, 4, 5, 1]}

270, {'net_id': 'net_evo12_crossover118', 'acc1': 77.7340000390625, 'acc5': 93.42200002929687, 'flops': 266.973696, 'resolution': 192, 'width': [16, 16, 24, 32, 72, 112, 200, 216, 1792], 'kernel_size': [3, 3, 3, 3, 3, 3, 3], 'expand_ratio': [1, 4, 4, 4, 4, 6, 6], 'depth': [1, 3, 3, 3, 3, 6, 1]}

280, {'net_id': 'net_evo18_crossover87', 'acc1': 77.8220000390625, 'acc5': 93.62800001953124, 'flops': 284.228928, 'resolution': 192, 'width': [16, 16, 24, 32, 72, 112, 200, 216, 1792], 'kernel_size': [3, 3, 3, 3, 3, 3, 3], 'expand_ratio': [1, 4, 4, 4, 4, 6, 6], 'depth': [1, 3, 4, 3, 5, 5, 1]}

290, {'net_id': 'net_evo15_crossover109', 'acc1': 78.34, 'acc5': 93.80199998046875, 'flops': 293.6776, 'resolution': 224, 'width': [16, 16, 24, 32, 72, 112, 192, 216, 1792], 'kernel_size': [5, 3, 3, 5, 3, 3, 3], 'expand_ratio': [1, 4, 4, 4, 4, 6, 6], 'depth': [2, 3, 3, 3, 3, 3, 1]}

300, {'net_id': 'net_evo12_mutate22', 'acc1': 78.2840000390625, 'acc5': 93.84600002929687, 'flops': 304.441072, 'resolution': 224, 'width': [16, 16, 24, 32, 64, 112, 200, 216, 1984], 'kernel_size': [5, 3, 3, 3, 3, 3, 3], 'expand_ratio': [1, 4, 4, 4, 4, 6, 6], 'depth': [1, 3, 3, 3, 4, 3, 1]}

310, {'net_id': 'net_evo16_crossover68', 'acc1': 78.346, 'acc5': 93.87800000976563, 'flops': 307.059616, 'resolution': 224, 'width': [24, 16, 24, 32, 64, 112, 192, 216, 1792], 'kernel_size': [3, 3, 3, 5, 3, 3, 3], 'expand_ratio': [1, 4, 4, 4, 4, 6, 6], 'depth': [1, 3, 3, 3, 4, 3, 1]}

320, {'net_id': 'net_evo18_crossover55', 'acc1': 78.46000000000001, 'acc5': 93.916, 'flops': 323.356704, 'resolution': 224, 'width': [16, 16, 24, 32, 72, 112, 192, 216, 1792], 'kernel_size': [3, 3, 3, 5, 3, 3, 3], 'expand_ratio': [1, 4, 4, 4, 4, 6, 6], 'depth': [1, 3, 3, 3, 5, 3, 1]}

330, {'net_id': 'net_evo17_crossover83', 'acc1': 78.70400000000001, 'acc5': 94.108, 'flops': 332.759712, 'resolution': 224, 'width': [16, 16, 24, 32, 64, 112, 192, 216, 1792], 'kernel_size': [5, 3, 3, 3, 3, 3, 3], 'expand_ratio': [1, 4, 4, 6, 4, 6, 6], 'depth': [1, 3, 3, 3, 3, 5, 1]}

340, {'net_id': 'net_evo11_crossover84', 'acc1': 78.476, 'acc5': 93.87199998046876, 'flops': 337.808992, 'resolution': 224, 'width': [24, 16, 24, 40, 72, 112, 192, 216, 1984], 'kernel_size': [3, 3, 3, 5, 3, 3, 3], 'expand_ratio': [1, 4, 4, 6, 4, 6, 6], 'depth': [1, 3, 3, 3, 4, 3, 1]}

350, {'net_id': 'net_evo16_crossover90', 'acc1': 78.918, 'acc5': 94.14200000976562, 'flops': 353.7056, 'resolution': 224, 'width': [16, 16, 24, 32, 64, 112, 208, 216, 1792], 'kernel_size': [5, 3, 3, 5, 5, 3, 3], 'expand_ratio': [1, 4, 4, 5, 4, 6, 6], 'depth': [1, 3, 3, 3, 3, 5, 1]}

360, {'net_id': 'net_evo17_crossover91', 'acc1': 78.96600000000001, 'acc5': 94.23400000976562, 'flops': 357.680464, 'resolution': 224, 'width': [16, 16, 24, 32, 64, 112, 200, 216, 1792], 'kernel_size': [3, 3, 3, 3, 3, 3, 3], 'expand_ratio': [1, 4, 4, 4, 4, 6, 6], 'depth': [1, 3, 4, 3, 4, 5, 1]}

370, {'net_id': 'net_evo16_crossover83', 'acc1': 79.0640000390625, 'acc5': 94.25200000976562, 'flops': 372.34824, 'resolution': 224, 'width': [16, 16, 24, 32, 64, 112, 200, 216, 1792], 'kernel_size': [3, 3, 3, 3, 3, 3, 3], 'expand_ratio': [1, 4, 4, 4, 4, 6, 6], 'depth': [1, 3, 6, 3, 4, 5, 1]}

380, {'net_id': 'net_evo18_crossover100', 'acc1': 79.126, 'acc5': 94.274, 'flops': 377.132416, 'resolution': 224, 'width': [16, 16, 24, 32, 64, 112, 200, 216, 1792], 'kernel_size': [3, 3, 3, 5, 3, 3, 3], 'expand_ratio': [1, 4, 4, 4, 4, 6, 6], 'depth': [1, 3, 3, 3, 4, 6, 1]}

390, {'net_id': 'net_evo14_crossover79', 'acc1': 79.22, 'acc5': 94.34800001953126, 'flops': 392.907856, 'resolution': 224, 'width': [16, 16, 24, 32, 64, 112, 200, 216, 1792], 'kernel_size': [3, 3, 3, 3, 3, 3, 3], 'expand_ratio': [1, 4, 4, 4, 4, 6, 6], 'depth': [1, 3, 6, 3, 5, 5, 1]}

400, {'net_id': 'net_evo16_crossover10', 'acc1': 79.21000000000001, 'acc5': 94.34000000976562, 'flops': 404.408224, 'resolution': 224, 'width': [16, 16, 24, 32, 72, 112, 192, 216, 1792], 'kernel_size': [3, 3, 3, 5, 3, 3, 3], 'expand_ratio': [1, 4, 6, 4, 4, 6, 6], 'depth': [1, 3, 3, 3, 5, 6, 1]}

410, {'net_id': 'net_evo16_crossover65', 'acc1': 79.3, 'acc5': 94.27600000976562, 'flops': 410.773984, 'resolution': 224, 'width': [16, 16, 24, 32, 64, 112, 208, 216, 1792], 'kernel_size': [5, 3, 3, 3, 3, 3, 3], 'expand_ratio': [1, 4, 4, 4, 4, 6, 6], 'depth': [1, 3, 3, 3, 5, 6, 1]}

420, {'net_id': 'net_evo12_crossover81', 'acc1': 79.306, 'acc5': 94.31000001953124, 'flops': 422.924768, 'resolution': 224, 'width': [16, 16, 24, 32, 64, 112, 208, 216, 1792], 'kernel_size': [3, 3, 5, 5, 3, 3, 3], 'expand_ratio': [1, 4, 4, 4, 4, 6, 6], 'depth': [1, 3, 4, 3, 5, 6, 1]}

430, {'net_id': 'net_evo16_crossover6', 'acc1': 79.404, 'acc5': 94.356, 'flops': 432.868704, 'resolution': 224, 'width': [16, 16, 24, 32, 72, 112, 208, 216, 1792], 'kernel_size': [3, 3, 3, 5, 3, 3, 3], 'expand_ratio': [1, 4, 6, 4, 4, 6, 6], 'depth': [2, 3, 3, 3, 5, 6, 1]}

440, {'net_id': 'net_evo15_crossover8', 'acc1': 79.47, 'acc5': 94.34800001953126, 'flops': 443.158496, 'resolution': 224, 'width': [16, 16, 24, 32, 72, 112, 208, 216, 1792], 'kernel_size': [5, 3, 3, 3, 3, 3, 3], 'expand_ratio': [1, 4, 5, 4, 4, 6, 6], 'depth': [1, 3, 3, 3, 6, 6, 1]}

450, {'net_id': 'net_evo14_crossover59', 'acc1': 79.4440000390625, 'acc5': 94.398, 'flops': 447.25424, 'resolution': 224, 'width': [16, 16, 24, 32, 64, 112, 208, 216, 1792], 'kernel_size': [3, 3, 5, 3, 3, 3, 3], 'expand_ratio': [1, 4, 6, 4, 4, 6, 6], 'depth': [1, 3, 3, 3, 6, 6, 1]}

460, {'net_id': 'net_evo18_crossover90', 'acc1': 79.53, 'acc5': 94.39800002929688, 'flops': 464.19888, 'resolution': 224, 'width': [16, 16, 24, 32, 64, 112, 208, 216, 1792], 'kernel_size': [3, 3, 3, 5, 3, 3, 3], 'expand_ratio': [1, 5, 5, 5, 4, 6, 6], 'depth': [1, 3, 4, 3, 6, 6, 1]}

470, {'net_id': 'net_evo10_crossover70', 'acc1': 79.564, 'acc5': 94.46600001953125, 'flops': 466.437088, 'resolution': 224, 'width': [16, 16, 24, 40, 72, 112, 208, 216, 1792], 'kernel_size': [5, 3, 5, 3, 3, 3, 3], 'expand_ratio': [1, 5, 4, 4, 4, 6, 6], 'depth': [1, 3, 3, 3, 6, 6, 1]}

480, {'net_id': 'net_evo14_crossover40', 'acc1': 79.592, 'acc5': 94.45200000976563, 'flops': 478.284896, 'resolution': 224, 'width': [16, 16, 24, 40, 72, 112, 208, 216, 1792], 'kernel_size': [5, 3, 5, 5, 3, 3, 3], 'expand_ratio': [1, 5, 4, 4, 4, 6, 6], 'depth': [1, 3, 3, 4, 6, 6, 1]}

490, {'net_id': 'net_evo15_crossover55', 'acc1': 79.59800001953124, 'acc5': 94.41600001953125, 'flops': 492.91616, 'resolution': 224, 'width': [16, 16, 24, 40, 72, 128, 208, 216, 1792], 'kernel_size': [3, 3, 3, 5, 3, 3, 3], 'expand_ratio': [1, 4, 5, 4, 4, 6, 6], 'depth': [1, 3, 3, 3, 6, 6, 1]}

500, {'net_id': 'net_evo13_crossover62', 'acc1': 79.618, 'acc5': 94.58000002929687, 'flops': 503.13728, 'resolution': 256, 'width': [16, 16, 24, 40, 64, 112, 208, 216, 1792], 'kernel_size': [3, 3, 3, 3, 5, 3, 3], 'expand_ratio': [1, 4, 4, 4, 4, 6, 6], 'depth': [1, 3, 4, 3, 4, 5, 1]}

510, {'net_id': 'net_evo11_crossover63', 'acc1': 79.674, 'acc5': 94.54000000976562, 'flops': 508.803584, 'resolution': 256, 'width': [16, 16, 24, 40, 72, 112, 192, 216, 1792], 'kernel_size': [5, 3, 3, 5, 3, 3, 3], 'expand_ratio': [1, 4, 4, 4, 4, 6, 6], 'depth': [2, 3, 3, 3, 5, 5, 1]}

520, {'net_id': 'net_evo15_crossover49', 'acc1': 79.72, 'acc5': 94.61400002929688, 'flops': 523.46624, 'resolution': 256, 'width': [16, 16, 24, 32, 72, 112, 192, 216, 1792], 'kernel_size': [3, 3, 5, 5, 5, 3, 3], 'expand_ratio': [1, 4, 4, 4, 4, 6, 6], 'depth': [1, 3, 3, 3, 5, 6, 1]}

530, {'net_id': 'net_evo16_crossover87', 'acc1': 79.75, 'acc5': 94.52800002929688, 'flops': 532.695552, 'resolution': 256, 'width': [16, 16, 24, 32, 64, 112, 208, 216, 1792], 'kernel_size': [5, 3, 3, 5, 3, 3, 3], 'expand_ratio': [1, 4, 4, 4, 5, 6, 6], 'depth': [1, 3, 3, 3, 4, 6, 1]}

540, {'net_id': 'net_evo17_crossover79', 'acc1': 79.79599999999999, 'acc5': 94.64200000976562, 'flops': 541.69344, 'resolution': 256, 'width': [16, 16, 24, 32, 72, 112, 192, 216, 1792], 'kernel_size': [3, 3, 5, 5, 5, 3, 3], 'expand_ratio': [1, 4, 4, 4, 4, 6, 6], 'depth': [2, 3, 4, 3, 5, 6, 1]}

550, {'net_id': 'net_evo16_crossover5', 'acc1': 79.864, 'acc5': 94.60400001953126, 'flops': 550.888832, 'resolution': 256, 'width': [16, 16, 24, 40, 72, 112, 208, 216, 1792], 'kernel_size': [3, 3, 3, 5, 3, 3, 3], 'expand_ratio': [1, 4, 4, 4, 5, 6, 6], 'depth': [1, 3, 3, 3, 4, 6, 1]}

560, {'net_id': 'net_evo5_crossover84', 'acc1': 79.87, 'acc5': 94.62200000976563, 'flops': 562.119424, 'resolution': 256, 'width': [16, 16, 24, 32, 72, 120, 192, 216, 1792], 'kernel_size': [3, 3, 5, 5, 5, 3, 3], 'expand_ratio': [1, 4, 4, 4, 4, 6, 6], 'depth': [2, 3, 4, 3, 5, 6, 1]}

570, {'net_id': 'net_evo9_crossover31', 'acc1': 79.92, 'acc5': 94.63000002929688, 'flops': 565.314048, 'resolution': 256, 'width': [16, 16, 24, 32, 72, 112, 208, 216, 1792], 'kernel_size': [3, 3, 3, 5, 3, 3, 3], 'expand_ratio': [1, 5, 5, 4, 4, 6, 6], 'depth': [1, 3, 3, 3, 5, 6, 1]}

580, {'net_id': 'net_evo13_crossover29', 'acc1': 79.952, 'acc5': 94.60600000976562, 'flops': 580.463872, 'resolution': 256, 'width': [16, 16, 24, 32, 64, 112, 208, 216, 1792], 'kernel_size': [5, 3, 3, 5, 3, 3, 3], 'expand_ratio': [1, 4, 4, 5, 4, 6, 6], 'depth': [1, 3, 3, 3, 5, 6, 2]}

590, {'net_id': 'net_evo17_crossover113', 'acc1': 79.996, 'acc5': 94.66000004882812, 'flops': 591.39072, 'resolution': 256, 'width': [16, 16, 24, 32, 64, 112, 208, 216, 1792], 'kernel_size': [3, 3, 3, 5, 3, 3, 3], 'expand_ratio': [1, 5, 5, 5, 4, 6, 6], 'depth': [1, 3, 3, 3, 6, 6, 1]}

600, {'net_id': 'net_evo5_crossover42', 'acc1': 80.03399999999999, 'acc5': 94.68000001953125, 'flops': 604.691968, 'resolution': 256, 'width': [16, 16, 24, 40, 64, 112, 200, 216, 1984], 'kernel_size': [3, 3, 3, 5, 3, 3, 3], 'expand_ratio': [1, 4, 4, 5, 4, 6, 6], 'depth': [2, 3, 4, 4, 5, 7, 1]}

610, {'net_id': 'net_evo18_crossover60', 'acc1': 80.0140000390625, 'acc5': 94.6880000390625, 'flops': 610.564608, 'resolution': 256, 'width': [16, 16, 24, 32, 72, 112, 208, 216, 1792], 'kernel_size': [3, 3, 3, 5, 5, 3, 3], 'expand_ratio': [1, 5, 5, 5, 4, 6, 6], 'depth': [1, 3, 3, 3, 6, 6, 1]}

620, {'net_id': 'net_evo17_crossover119', 'acc1': 80.054, 'acc5': 94.81800002929687, 'flops': 623.052368, 'resolution': 288, 'width': [16, 16, 24, 32, 64, 112, 200, 216, 1792], 'kernel_size': [3, 3, 3, 5, 3, 3, 3], 'expand_ratio': [1, 4, 4, 4, 4, 6, 6], 'depth': [1, 3, 4, 3, 5, 5, 1]}

630, {'net_id': 'net_evo15_crossover75', 'acc1': 80.1500000390625, 'acc5': 94.82400002929687, 'flops': 632.889248, 'resolution': 288, 'width': [16, 16, 24, 32, 64, 112, 192, 216, 1792], 'kernel_size': [5, 3, 5, 3, 3, 3, 3], 'expand_ratio': [1, 4, 4, 4, 4, 6, 6], 'depth': [2, 3, 4, 3, 5, 5, 1]}

640, {'net_id': 'net_evo14_crossover127', 'acc1': 80.212, 'acc5': 94.81200001953125, 'flops': 644.174976, 'resolution': 288, 'width': [16, 16, 24, 32, 64, 112, 208, 216, 1792], 'kernel_size': [5, 3, 5, 3, 3, 3, 3], 'expand_ratio': [1, 4, 4, 5, 4, 6, 6], 'depth': [1, 3, 3, 3, 5, 5, 1]}

650, {'net_id': 'net_evo17_crossover43', 'acc1': 80.314, 'acc5': 94.80600001953125, 'flops': 648.322176, 'resolution': 288, 'width': [16, 16, 24, 32, 64, 112, 208, 216, 1792], 'kernel_size': [5, 3, 5, 5, 3, 3, 3], 'expand_ratio': [1, 4, 4, 5, 4, 6, 6], 'depth': [1, 3, 3, 3, 5, 5, 1]}

660, {'net_id': 'net_evo12_crossover16', 'acc1': 80.21000003906249, 'acc5': 94.822, 'flops': 660.511952, 'resolution': 288, 'width': [16, 16, 24, 32, 64, 112, 200, 216, 1792], 'kernel_size': [5, 3, 5, 5, 3, 3, 3], 'expand_ratio': [1, 4, 4, 5, 4, 6, 6], 'depth': [2, 3, 4, 3, 5, 5, 1]}

670, {'net_id': 'net_evo13_crossover2', 'acc1': 80.2960000390625, 'acc5': 94.80600001953125, 'flops': 670.520064, 'resolution': 288, 'width': [16, 16, 24, 32, 64, 112, 208, 216, 1792], 'kernel_size': [5, 3, 5, 5, 3, 3, 3], 'expand_ratio': [1, 4, 4, 6, 4, 6, 6], 'depth': [2, 3, 3, 3, 5, 5, 1]}

680, {'net_id': 'net_evo18_crossover97', 'acc1': 80.33200001953125, 'acc5': 94.81000001953124, 'flops': 684.764256, 'resolution': 288, 'width': [16, 16, 24, 32, 64, 112, 208, 216, 1792], 'kernel_size': [5, 3, 3, 5, 3, 3, 3], 'expand_ratio': [1, 4, 4, 5, 4, 6, 6], 'depth': [1, 3, 3, 3, 5, 6, 1]}

690, {'net_id': 'net_evo7_crossover84', 'acc1': 80.406, 'acc5': 94.85200001953125, 'flops': 691.8456, 'resolution': 288, 'width': [16, 16, 24, 32, 64, 112, 208, 216, 1792], 'kernel_size': [3, 3, 3, 5, 3, 3, 3], 'expand_ratio': [1, 4, 4, 4, 4, 6, 6], 'depth': [2, 3, 3, 4, 5, 6, 1]}

700, {'net_id': 'net_evo9_crossover102', 'acc1': 80.41400001953124, 'acc5': 94.81400001953125, 'flops': 704.337888, 'resolution': 288, 'width': [16, 16, 24, 32, 64, 112, 208, 216, 1984], 'kernel_size': [3, 3, 3, 3, 3, 3, 3], 'expand_ratio': [1, 4, 4, 4, 4, 6, 6], 'depth': [1, 3, 6, 3, 5, 6, 1]}

710, {'net_id': 'net_evo10_crossover108', 'acc1': 80.462, 'acc5': 94.90800002929687, 'flops': 708.780896, 'resolution': 288, 'width': [16, 16, 24, 32, 64, 112, 208, 216, 1792], 'kernel_size': [3, 3, 5, 5, 3, 3, 3], 'expand_ratio': [1, 4, 5, 4, 4, 6, 6], 'depth': [1, 3, 4, 3, 5, 6, 1]}

720, {'net_id': 'net_evo9_crossover33', 'acc1': 80.458, 'acc5': 94.78800004882812, 'flops': 722.082352, 'resolution': 288, 'width': [16, 16, 24, 32, 64, 112, 208, 216, 1792], 'kernel_size': [3, 3, 3, 5, 3, 3, 3], 'expand_ratio': [1, 4, 4, 5, 5, 6, 6], 'depth': [1, 3, 3, 3, 4, 6, 2]}

730, {'net_id': 'net_evo15_crossover76', 'acc1': 80.462, 'acc5': 94.96400002929687, 'flops': 732.927968, 'resolution': 288, 'width': [16, 16, 24, 32, 64, 112, 208, 216, 1792], 'kernel_size': [3, 3, 5, 5, 3, 3, 3], 'expand_ratio': [1, 4, 6, 4, 4, 6, 6], 'depth': [2, 3, 4, 3, 5, 6, 1]}

740, {'net_id': 'net_evo16_crossover74', 'acc1': 80.532, 'acc5': 94.84600001953125, 'flops': 740.107488, 'resolution': 288, 'width': [16, 16, 24, 32, 64, 112, 208, 216, 1984], 'kernel_size': [3, 3, 5, 5, 3, 3, 3], 'expand_ratio': [1, 4, 4, 6, 4, 6, 6], 'depth': [1, 3, 6, 3, 5, 6, 1]}

750, {'net_id': 'net_evo15_crossover66', 'acc1': 80.57800001953125, 'acc5': 94.93800004882813, 'flops': 751.361136, 'resolution': 288, 'width': [16, 16, 24, 32, 64, 112, 208, 216, 1792], 'kernel_size': [5, 3, 5, 5, 3, 3, 3], 'expand_ratio': [1, 4, 5, 5, 4, 6, 6], 'depth': [1, 3, 3, 3, 5, 6, 2]}

760, {'net_id': 'net_evo12_crossover107', 'acc1': 80.63000003906251, 'acc5': 94.95000004882813, 'flops': 761.233904, 'resolution': 288, 'width': [16, 16, 24, 32, 64, 112, 208, 216, 1792], 'kernel_size': [5, 3, 5, 5, 3, 3, 3], 'expand_ratio': [1, 4, 5, 4, 4, 6, 6], 'depth': [1, 3, 4, 3, 5, 6, 2]}

770, {'net_id': 'net_evo13_crossover43', 'acc1': 80.632, 'acc5': 94.92800001953125, 'flops': 767.820272, 'resolution': 288, 'width': [16, 16, 24, 32, 64, 112, 208, 216, 1792], 'kernel_size': [3, 3, 5, 5, 3, 3, 3], 'expand_ratio': [1, 4, 4, 5, 4, 6, 6], 'depth': [1, 3, 3, 3, 6, 6, 2]}

780, {'net_id': 'net_evo15_crossover15', 'acc1': 80.6660000390625, 'acc5': 94.97000002929687, 'flops': 783.087216, 'resolution': 288, 'width': [16, 16, 24, 32, 64, 112, 208, 216, 1792], 'kernel_size': [5, 3, 5, 5, 3, 3, 3], 'expand_ratio': [1, 4, 5, 5, 4, 6, 6], 'depth': [1, 3, 3, 5, 5, 6, 2]}

790, {'net_id': 'net_evo15_crossover2', 'acc1': 80.6520000390625, 'acc5': 94.9360000390625, 'flops': 790.049264, 'resolution': 288, 'width': [16, 16, 24, 32, 64, 112, 208, 216, 1792], 'kernel_size': [3, 3, 5, 5, 3, 3, 3], 'expand_ratio': [1, 5, 4, 5, 4, 6, 6], 'depth': [1, 3, 3, 3, 6, 6, 2]}

800, {'net_id': 'net_evo17_mutate9', 'acc1': 80.7220000390625, 'acc5': 94.94400000976563, 'flops': 799.146016, 'resolution': 288, 'width': [16, 16, 24, 32, 64, 120, 208, 216, 1792], 'kernel_size': [5, 3, 5, 5, 3, 5, 3], 'expand_ratio': [1, 5, 5, 4, 4, 6, 6], 'depth': [1, 3, 3, 3, 5, 6, 2]}

810, {'net_id': 'net_evo14_crossover73', 'acc1': 80.7360000390625, 'acc5': 94.9480000390625, 'flops': 806.316368, 'resolution': 288, 'width': [16, 16, 24, 32, 64, 112, 208, 216, 1792], 'kernel_size': [5, 3, 5, 5, 3, 3, 3], 'expand_ratio': [1, 4, 4, 6, 4, 6, 6], 'depth': [1, 3, 4, 3, 5, 7, 2]}

820, {'net_id': 'net_evo10_crossover106', 'acc1': 80.7240000390625, 'acc5': 95.0200000390625, 'flops': 822.78872, 'resolution': 288, 'width': [16, 16, 24, 32, 64, 112, 208, 216, 1792], 'kernel_size': [5, 5, 5, 5, 3, 3, 3], 'expand_ratio': [1, 4, 5, 5, 4, 6, 6], 'depth': [1, 3, 4, 5, 5, 6, 2]}

830, {'net_id': 'net_evo10_mutate103', 'acc1': 80.71800001953125, 'acc5': 94.89600002929687, 'flops': 833.233664, 'resolution': 288, 'width': [24, 16, 24, 32, 72, 112, 208, 224, 1792], 'kernel_size': [3, 3, 5, 3, 3, 3, 5], 'expand_ratio': [1, 4, 4, 5, 4, 6, 6], 'depth': [1, 3, 4, 4, 6, 6, 2]}

840, {'net_id': 'net_evo7_crossover3', 'acc1': 80.7860000390625, 'acc5': 94.96800004882813, 'flops': 842.787504, 'resolution': 288, 'width': [16, 16, 24, 32, 64, 128, 208, 216, 1792], 'kernel_size': [5, 3, 5, 3, 3, 3, 3], 'expand_ratio': [1, 4, 5, 5, 4, 6, 6], 'depth': [1, 3, 3, 3, 5, 7, 2]}

850, {'net_id': 'net_evo17_crossover32', 'acc1': 80.86400001953125, 'acc5': 95.01200002929687, 'flops': 851.849296, 'resolution': 288, 'width': [16, 16, 24, 32, 64, 128, 208, 216, 1792], 'kernel_size': [3, 3, 5, 5, 3, 3, 3], 'expand_ratio': [1, 4, 5, 4, 4, 6, 6], 'depth': [1, 3, 4, 3, 6, 6, 2]}

860, {'net_id': 'net_evo8_crossover39', 'acc1': 80.80799999999999, 'acc5': 94.9720000390625, 'flops': 863.643904, 'resolution': 288, 'width': [16, 16, 24, 32, 64, 120, 208, 216, 1792], 'kernel_size': [5, 5, 5, 3, 3, 3, 3], 'expand_ratio': [1, 4, 5, 4, 4, 6, 6], 'depth': [1, 3, 3, 6, 5, 7, 2]}

870, {'net_id': 'net_evo15_crossover3', 'acc1': 80.816, 'acc5': 95.05400001953124, 'flops': 868.572368, 'resolution': 288, 'width': [16, 16, 24, 32, 64, 112, 208, 216, 1792], 'kernel_size': [3, 3, 5, 5, 3, 3, 3], 'expand_ratio': [1, 6, 6, 5, 4, 6, 6], 'depth': [1, 3, 4, 3, 5, 7, 2]}

880, {'net_id': 'net_evo9_crossover114', 'acc1': 80.87400003906251, 'acc5': 94.9880000390625, 'flops': 884.004224, 'resolution': 288, 'width': [16, 16, 24, 32, 72, 120, 208, 216, 1792], 'kernel_size': [3, 3, 5, 3, 3, 3, 3], 'expand_ratio': [1, 4, 4, 5, 4, 6, 6], 'depth': [1, 3, 3, 5, 6, 7, 2]}

890, {'net_id': 'net_evo18_crossover67', 'acc1': 80.85000003906251, 'acc5': 94.98400001953125, 'flops': 892.752496, 'resolution': 288, 'width': [16, 16, 24, 32, 64, 112, 208, 216, 1792], 'kernel_size': [3, 3, 5, 5, 3, 3, 3], 'expand_ratio': [1, 6, 4, 6, 4, 6, 6], 'depth': [1, 3, 4, 6, 6, 6, 2]}

900, {'net_id': 'net_evo18_crossover71', 'acc1': 80.88000003906251, 'acc5': 95.03400002929688, 'flops': 895.935472, 'resolution': 288, 'width': [16, 16, 24, 32, 64, 112, 208, 216, 1792], 'kernel_size': [5, 5, 5, 5, 3, 3, 3], 'expand_ratio': [1, 6, 4, 5, 4, 6, 6], 'depth': [1, 3, 4, 5, 6, 6, 2]}

910, {'net_id': 'net_evo10_crossover10', 'acc1': 80.89, 'acc5': 95.02600001953125, 'flops': 914.527616, 'resolution': 288, 'width': [16, 16, 24, 32, 72, 120, 208, 216, 1792], 'kernel_size': [3, 3, 5, 3, 3, 3, 3], 'expand_ratio': [1, 5, 4, 5, 4, 6, 6], 'depth': [2, 3, 3, 5, 6, 7, 2]}

920, {'net_id': 'net_evo16_crossover32', 'acc1': 80.9460000390625, 'acc5': 95.04800004882813, 'flops': 917.370608, 'resolution': 288, 'width': [16, 16, 24, 32, 72, 128, 208, 216, 1792], 'kernel_size': [3, 3, 5, 3, 3, 3, 3], 'expand_ratio': [1, 5, 4, 5, 4, 6, 6], 'depth': [1, 3, 4, 3, 6, 7, 2]}

930, {'net_id': 'net_evo12_crossover9', 'acc1': 80.898, 'acc5': 95.06800002929687, 'flops': 933.09256, 'resolution': 288, 'width': [16, 16, 32, 32, 72, 112, 208, 216, 1792], 'kernel_size': [3, 3, 5, 5, 3, 3, 3], 'expand_ratio': [1, 5, 5, 4, 4, 6, 6], 'depth': [1, 3, 4, 3, 6, 7, 2]}

940, {'net_id': 'net_evo15_crossover100', 'acc1': 80.944, 'acc5': 95.06200002929688, 'flops': 936.301008, 'resolution': 288, 'width': [16, 16, 24, 40, 72, 128, 208, 216, 1792], 'kernel_size': [3, 3, 5, 3, 3, 3, 3], 'expand_ratio': [1, 4, 4, 5, 4, 6, 6], 'depth': [1, 3, 3, 5, 6, 7, 2]}

950, {'net_id': 'net_evo16_mutate67', 'acc1': 80.9680000390625, 'acc5': 95.10600000976562, 'flops': 949.760576, 'resolution': 288, 'width': [16, 16, 24, 32, 72, 128, 208, 224, 1792], 'kernel_size': [3, 3, 5, 3, 3, 3, 3], 'expand_ratio': [1, 5, 4, 5, 4, 6, 6], 'depth': [2, 3, 4, 4, 6, 7, 2]}

960, {'net_id': 'net_evo18_crossover82', 'acc1': 80.98, 'acc5': 95.07200004882813, 'flops': 958.67376, 'resolution': 288, 'width': [16, 16, 24, 32, 64, 128, 208, 224, 1792], 'kernel_size': [3, 3, 5, 3, 3, 3, 3], 'expand_ratio': [1, 4, 5, 5, 4, 6, 6], 'depth': [2, 3, 4, 3, 7, 7, 2]}

970, {'net_id': 'net_evo16_crossover94', 'acc1': 80.99200001953125, 'acc5': 95.09800002929687, 'flops': 971.008048, 'resolution': 288, 'width': [16, 16, 24, 32, 72, 120, 208, 224, 1792], 'kernel_size': [3, 3, 5, 5, 3, 3, 3], 'expand_ratio': [1, 5, 4, 5, 4, 6, 6], 'depth': [1, 4, 4, 5, 6, 7, 2]}

980, {'net_id': 'net_evo18_crossover85', 'acc1': 80.994, 'acc5': 95.07600002929688, 'flops': 976.322144, 'resolution': 288, 'width': [16, 16, 24, 32, 72, 128, 208, 224, 1792], 'kernel_size': [5, 3, 3, 5, 3, 3, 3], 'expand_ratio': [1, 5, 5, 5, 4, 6, 6], 'depth': [1, 3, 4, 5, 6, 7, 2]}

990, {'net_id': 'net_evo16_crossover125', 'acc1': 81.012, 'acc5': 95.10800002929687, 'flops': 988.038112, 'resolution': 288, 'width': [16, 16, 32, 32, 64, 128, 208, 224, 1792], 'kernel_size': [3, 3, 5, 5, 3, 3, 3], 'expand_ratio': [1, 5, 5, 5, 4, 6, 6], 'depth': [1, 3, 4, 5, 5, 7, 2]}

1000, {'net_id': 'net_evo14_crossover91', 'acc1': 80.96000003906249, 'acc5': 95.09400004882812, 'flops': 1001.348608, 'resolution': 288, 'width': [16, 16, 24, 32, 72, 120, 208, 216, 1792], 'kernel_size': [3, 3, 5, 3, 5, 3, 3], 'expand_ratio': [1, 4, 6, 5, 5, 6, 6], 'depth': [1, 3, 4, 5, 6, 7, 2]}

1010, {'net_id': 'net_evo12_mutate88', 'acc1': 81.004, 'acc5': 95.10400000976563, 'flops': 1005.637168, 'resolution': 288, 'width': [16, 16, 24, 32, 72, 120, 208, 224, 1792], 'kernel_size': [5, 3, 5, 5, 3, 3, 3], 'expand_ratio': [1, 6, 4, 5, 4, 6, 6], 'depth': [1, 4, 4, 5, 6, 7, 2]}

1020, {'net_id': 'net_evo8_crossover51', 'acc1': 80.9980000390625, 'acc5': 95.11600004882813, 'flops': 1020.349584, 'resolution': 288, 'width': [16, 16, 24, 32, 64, 120, 208, 224, 1792], 'kernel_size': [3, 3, 3, 5, 5, 3, 3], 'expand_ratio': [1, 6, 4, 6, 4, 6, 6], 'depth': [1, 3, 4, 6, 6, 8, 2]}

1030, {'net_id': 'net_evo15_mutate54', 'acc1': 81.0380000390625, 'acc5': 95.14800000976562, 'flops': 1033.780272, 'resolution': 288, 'width': [16, 16, 32, 32, 64, 128, 208, 216, 1792], 'kernel_size': [5, 3, 3, 5, 3, 3, 3], 'expand_ratio': [1, 5, 5, 5, 4, 6, 6], 'depth': [1, 3, 4, 6, 6, 7, 2]}

1040, {'net_id': 'net_evo13_mutate109', 'acc1': 81.0280000390625, 'acc5': 95.09400002929688, 'flops': 1035.370976, 'resolution': 288, 'width': [16, 16, 32, 32, 64, 128, 208, 224, 1792], 'kernel_size': [3, 3, 3, 3, 3, 3, 3], 'expand_ratio': [1, 5, 5, 5, 4, 6, 6], 'depth': [2, 3, 4, 3, 7, 7, 2]}

1050, {'net_id': 'net_evo11_crossover116', 'acc1': 81.0600000390625, 'acc5': 95.146, 'flops': 1047.163104, 'resolution': 288, 'width': [16, 16, 32, 32, 64, 128, 208, 224, 1792], 'kernel_size': [3, 3, 5, 3, 3, 3, 3], 'expand_ratio': [1, 5, 5, 5, 4, 6, 6], 'depth': [2, 3, 4, 6, 6, 7, 2]}

1060, {'net_id': 'net_evo14_crossover43', 'acc1': 81.05800001953125, 'acc5': 95.11800002929688, 'flops': 1062.611856, 'resolution': 288, 'width': [16, 16, 32, 32, 72, 128, 208, 216, 1792], 'kernel_size': [5, 3, 5, 5, 3, 3, 3], 'expand_ratio': [1, 5, 5, 5, 4, 6, 6], 'depth': [2, 3, 5, 4, 6, 7, 2]}

1070, {'net_id': 'net_evo13_crossover73', 'acc1': 81.10400001953124, 'acc5': 95.12999999023438, 'flops': 1070.906752, 'resolution': 288, 'width': [16, 16, 32, 32, 72, 128, 208, 224, 1792], 'kernel_size': [3, 3, 5, 5, 3, 3, 3], 'expand_ratio': [1, 5, 5, 5, 4, 6, 6], 'depth': [1, 3, 4, 6, 6, 7, 2]}

1080, {'net_id': 'net_evo13_crossover52', 'acc1': 81.096, 'acc5': 95.09800001953126, 'flops': 1077.218096, 'resolution': 288, 'width': [16, 16, 32, 32, 72, 128, 208, 216, 1792], 'kernel_size': [3, 3, 5, 5, 3, 3, 3], 'expand_ratio': [1, 5, 5, 4, 4, 6, 6], 'depth': [2, 4, 3, 5, 6, 7, 2]}

1090, {'net_id': 'net_evo16_crossover25', 'acc1': 81.086, 'acc5': 95.15199999023437, 'flops': 1093.10904, 'resolution': 288, 'width': [16, 16, 32, 32, 64, 128, 208, 216, 1792], 'kernel_size': [5, 3, 5, 3, 3, 3, 3], 'expand_ratio': [1, 5, 4, 5, 4, 6, 6], 'depth': [2, 3, 5, 3, 8, 7, 2]}

1100, {'net_id': 'net_evo13_crossover11', 'acc1': 81.11400001953125, 'acc5': 95.16800000976562, 'flops': 1101.733936, 'resolution': 288, 'width': [16, 16, 32, 32, 64, 128, 208, 216, 1792], 'kernel_size': [3, 3, 5, 5, 3, 3, 3], 'expand_ratio': [1, 6, 6, 5, 4, 6, 6], 'depth': [2, 3, 4, 6, 6, 7, 2]}

1110, {'net_id': 'net_evo14_crossover106', 'acc1': 81.06200001953125, 'acc5': 95.15200002929687, 'flops': 1107.116704, 'resolution': 288, 'width': [16, 16, 32, 32, 72, 128, 208, 224, 1792], 'kernel_size': [3, 3, 5, 5, 3, 3, 3], 'expand_ratio': [1, 6, 4, 6, 4, 6, 6], 'depth': [1, 3, 4, 6, 6, 7, 2]}

1120, {'net_id': 'net_evo14_mutate6', 'acc1': 81.14000001953124, 'acc5': 95.11200000976562, 'flops': 1117.925856, 'resolution': 288, 'width': [16, 16, 32, 32, 64, 128, 208, 224, 1792], 'kernel_size': [3, 3, 3, 3, 3, 3, 3], 'expand_ratio': [1, 5, 5, 5, 4, 6, 6], 'depth': [1, 4, 6, 3, 7, 7, 2]}

1130, {'net_id': 'net_evo6_crossover62', 'acc1': 81.08400001953125, 'acc5': 95.1040000390625, 'flops': 1129.124576, 'resolution': 288, 'width': [16, 16, 32, 32, 72, 120, 208, 216, 1792], 'kernel_size': [5, 3, 5, 3, 5, 3, 3], 'expand_ratio': [1, 5, 4, 4, 4, 6, 6], 'depth': [2, 3, 5, 4, 8, 8, 2]}

1140, {'net_id': 'net_evo18_mutate11', 'acc1': 81.078, 'acc5': 95.12800001953124, 'flops': 1141.922224, 'resolution': 288, 'width': [16, 16, 32, 32, 72, 128, 208, 216, 1984], 'kernel_size': [3, 5, 5, 3, 3, 3, 3], 'expand_ratio': [1, 5, 5, 4, 4, 6, 6], 'depth': [1, 4, 4, 6, 6, 7, 2]}

1150, {'net_id': 'net_evo12_crossover60', 'acc1': 81.0860000390625, 'acc5': 95.174, 'flops': 1154.42088, 'resolution': 288, 'width': [24, 16, 24, 40, 72, 128, 208, 216, 1792], 'kernel_size': [3, 3, 5, 5, 3, 3, 3], 'expand_ratio': [1, 6, 4, 5, 5, 6, 6], 'depth': [1, 3, 4, 5, 8, 6, 2]}

1160, {'net_id': 'net_evo15_crossover77', 'acc1': 81.0680000390625, 'acc5': 95.13200000976562, 'flops': 1156.716, 'resolution': 288, 'width': [16, 16, 32, 32, 64, 128, 208, 224, 1792], 'kernel_size': [3, 3, 5, 3, 3, 3, 3], 'expand_ratio': [1, 6, 4, 5, 4, 6, 6], 'depth': [1, 4, 6, 3, 7, 7, 2]}

1170, {'net_id': 'net_evo18_mutate116', 'acc1': 81.082, 'acc5': 95.20400000976562, 'flops': 1172.734128, 'resolution': 288, 'width': [16, 16, 32, 40, 64, 128, 208, 216, 1792], 'kernel_size': [5, 3, 5, 3, 3, 3, 3], 'expand_ratio': [1, 5, 4, 5, 4, 6, 6], 'depth': [2, 3, 5, 3, 8, 8, 2]}

1180, {'net_id': 'net_evo7_crossover47', 'acc1': 81.094, 'acc5': 95.17600002929687, 'flops': 1177.9488, 'resolution': 288, 'width': [24, 16, 24, 32, 72, 128, 208, 224, 1792], 'kernel_size': [3, 3, 5, 5, 5, 3, 3], 'expand_ratio': [1, 5, 4, 6, 4, 6, 6], 'depth': [1, 3, 4, 6, 8, 8, 2]}

1190, {'net_id': 'net_evo12_mutate92', 'acc1': 81.09200001953124, 'acc5': 95.12200000976563, 'flops': 1188.125472, 'resolution': 288, 'width': [16, 16, 24, 32, 72, 128, 208, 224, 1984], 'kernel_size': [3, 5, 5, 5, 5, 3, 3], 'expand_ratio': [1, 5, 4, 6, 4, 6, 6], 'depth': [1, 5, 4, 4, 8, 7, 2]}

1200, {'net_id': 'net_evo5_crossover110', 'acc1': 81.05000001953125, 'acc5': 95.15600004882812, 'flops': 1197.509904, 'resolution': 288, 'width': [16, 16, 24, 32, 72, 128, 208, 216, 1792], 'kernel_size': [3, 3, 5, 3, 5, 3, 3], 'expand_ratio': [1, 4, 6, 6, 5, 6, 6], 'depth': [1, 3, 6, 4, 8, 7, 2]}