1.004600831999999969e+03, 8.038400003906249935e+01, 9.491600002929686752e+01

7.323169759999999542e+02, 7.949800000000000466e+01, 9.450600000000000023e+01

6.222244480000000522e+02, 7.842400000000000659e+01, 9.380400002929687275e+01

1.009416703999999982e+03, 8.020799999999999841e+01, 9.481400001953124956e+01

7.220555359999999609e+02, 7.956000000000000227e+01, 9.443800001953124479e+01

8.206856960000000072e+02, 7.968200000000000216e+01, 9.452200002929687628e+01

8.144811359999999922e+02, 7.988400003906249935e+01, 9.458200001953125025e+01

8.000876640000000179e+02, 7.952799999999999159e+01, 9.449800000000000466e+01

5.345548800000000256e+02, 7.822200000000000841e+01, 9.379199999023437329e+01

7.898796959999999672e+02, 7.946800000000000352e+01, 9.443400000976562580e+01

9.572520960000000514e+02, 8.030000003906249617e+01, 9.488000004882812277e+01

6.901312319999999545e+02, 7.959000001953124581e+01, 9.453800000976562501e+01

1.002277887999999962e+03, 8.021399999999999864e+01, 9.485200004882813118e+01

4.895429120000000012e+02, 7.801399999999999579e+01, 9.362400000976562353e+01

7.263049600000000510e+02, 7.966000003906249560e+01, 9.446200004882813062e+01

5.915791359999999486e+02, 7.846200000000000330e+01, 9.385600002929687946e+01

7.022424160000000484e+02, 7.692200003906249606e+01, 9.335400000976562751e+01

5.868824319999999943e+02, 7.842600000000000193e+01, 9.379600003906250549e+01

7.489502559999999676e+02, 7.976399999999999579e+01, 9.455600003906249640e+01

1.007078016000000048e+03, 8.028600000000000136e+01, 9.489400003906250447e+01

8.389260799999999563e+02, 8.018200000000000216e+01, 9.479000004882811936e+01

8.521745919999999614e+02, 8.026000001953124752e+01, 9.480200004882811982e+01

6.604463839999999664e+02, 7.964800003906249515e+01, 9.454000001953124865e+01

9.315983360000000175e+02, 8.032800001953124536e+01, 9.482200003906250174e+01

9.919601920000000064e+02, 7.769800000000000750e+01, 9.384600002929687435e+01

7.089097440000000461e+02, 7.950600000000000023e+01, 9.444600002929686866e+01

9.211601920000000518e+02, 7.798199999999999932e+01, 9.392800001953125388e+01

7.685310879999999543e+02, 7.939799999999999613e+01, 9.439800003906249515e+01

5.092430079999999748e+02, 7.828799999999999670e+01, 9.380199998046875010e+01

5.546629120000000057e+02, 7.814400000000000546e+01, 9.365600001953124831e+01

7.012234240000000227e+02, 7.687999999999999545e+01, 9.331400002929687787e+01

5.387380480000000489e+02, 7.841000003906249560e+01, 9.380800001953124934e+01

7.327807199999999739e+02, 7.976200003906249947e+01, 9.454800001953124422e+01

6.555336320000000114e+02, 7.813599999999999568e+01, 9.372400001953124615e+01

6.138117760000000089e+02, 7.530799999999999272e+01, 9.252600001953125286e+01

4.634494720000000143e+02, 7.795199999999999818e+01, 9.361400001953124672e+01

5.925379199999999855e+02, 7.835399999999999920e+01, 9.368000000976562092e+01

7.143718239999999469e+02, 7.933200003906250686e+01, 9.437800000976562842e+01

8.221139040000000477e+02, 7.957800003906250197e+01, 9.448600001953124661e+01

9.565941759999999476e+02, 8.047000001953125548e+01, 9.487000004882813187e+01

1.013162239999999997e+03, 8.031400003906250618e+01, 9.482000001953124979e+01

7.646382079999999632e+02, 7.671399999999999864e+01, 9.329999999999999716e+01

8.724641279999999597e+02, 8.028399999999999181e+01, 9.483400005859374460e+01

7.612532320000000254e+02, 7.673200003906249833e+01, 9.342800000976562558e+01

4.910122240000000033e+02, 7.823600007812500223e+01, 9.365799999023437294e+01

8.029032959999999548e+02, 8.015399999999999636e+01, 9.476800003906249970e+01

6.622335520000000315e+02, 7.966599999999999682e+01, 9.454200002929687230e+01

5.604796159999999645e+02, 7.823799999999999955e+01, 9.367200001953125366e+01

6.719265920000000278e+02, 7.965399999999999636e+01, 9.446800000976563183e+01

9.381693440000000237e+02, 8.034799999999999898e+01, 9.483600000488280557e+01

9.672906239999999798e+02, 8.032200000000000273e+01, 9.479600002929687719e+01

8.867256320000000187e+02, 7.765600000000000591e+01, 9.387399999999999523e+01

5.611361279999999851e+02, 7.552600003906249526e+01, 9.265400000976562467e+01

9.213940479999999980e+02, 7.711199999999999477e+01, 9.353799999023436840e+01

6.362373760000000402e+02, 7.827400003906249992e+01, 9.364600000976562910e+01

9.194048000000000229e+02, 8.037600000000000477e+01, 9.487000002929687525e+01

7.185035679999999729e+02, 7.959200003906249776e+01, 9.456000002929687298e+01

6.453249279999999999e+02, 7.514799999999999613e+01, 9.244800000976562160e+01

9.990952959999999621e+02, 8.025799999999999557e+01, 9.479400000976562524e+01

5.436216960000000427e+02, 7.828999999999999204e+01, 9.378000000000000114e+01

9.590799359999999751e+02, 8.012399999999999523e+01, 9.478200001953125309e+01

9.227133599999999660e+02, 7.958400000000000318e+01, 9.456000000976563058e+01

6.005361279999999624e+02, 7.823600003906250322e+01, 9.375000002929687071e+01

6.926604959999999664e+02, 7.724599999999999511e+01, 9.347800000976562274e+01

7.611048160000000280e+02, 7.950600003906249924e+01, 9.442999999023437852e+01

9.272588799999999765e+02, 8.030599996093749837e+01, 9.485200003906250288e+01

6.307927039999999579e+02, 7.845799999999999841e+01, 9.387199999023437158e+01

7.889075840000000426e+02, 7.977799999999999159e+01, 9.461800001953125161e+01

7.553814399999999978e+02, 7.714600007812499882e+01, 9.357799998046874634e+01

9.045849600000000237e+02, 8.023600001953124661e+01, 9.482200000976563103e+01

6.145248000000000275e+02, 7.815800000000000125e+01, 9.372599997070312838e+01

9.377720319999999674e+02, 8.022000003906249788e+01, 9.474800004882811777e+01

6.141574399999999514e+02, 7.835599999999999454e+01, 9.371599999999999397e+01

9.512998400000000174e+02, 8.031600000000000250e+01, 9.484800003906249799e+01

9.102929920000000266e+02, 8.023199999999999932e+01, 9.483000002929686900e+01

5.266194560000000138e+02, 7.825600000000000023e+01, 9.368600001953124945e+01

5.027194240000000036e+02, 7.832599999999999341e+01, 9.375600001953125684e+01

6.619644160000000284e+02, 7.825400003906250390e+01, 9.372200001953125081e+01

9.279998719999999821e+02, 8.033400000000000318e+01, 9.483600002929686923e+01

7.644258399999999938e+02, 7.699600003906249412e+01, 9.355399999023437374e+01

9.821227519999999913e+02, 8.042400000000000659e+01, 9.490400003906249538e+01

6.706720319999999447e+02, 7.951800000000000068e+01, 9.445000001953124524e+01

8.163615999999999531e+02, 7.958599999999999852e+01, 9.451200001953125707e+01

5.252975360000000364e+02, 7.521200003906250231e+01, 9.260200001953124627e+01

5.809177600000000439e+02, 7.513400000000000034e+01, 9.253799999999999670e+01

5.769719039999999950e+02, 7.850600000000000023e+01, 9.378400000976562012e+01

1.017057279999999992e+03, 8.037800003906249913e+01, 9.484600000976561773e+01

6.744284480000000030e+02, 7.960800000000000409e+01, 9.458000001953125491e+01

7.544140320000000202e+02, 7.967000000000000171e+01, 9.450199999999999534e+01

4.969930880000000002e+02, 7.826200003906249947e+01, 9.361600003906249867e+01

5.997361919999999600e+02, 7.812000000000000455e+01, 9.364200003906249492e+01

8.510727679999999964e+02, 7.736199999999999477e+01, 9.375000000000000000e+01

8.244270880000000261e+02, 7.971000000000000796e+01, 9.453000002929687184e+01

5.475300479999999652e+02, 7.824599999999999511e+01, 9.376600003906250436e+01

5.217191679999999678e+02, 7.821399999999999864e+01, 9.361600003906249867e+01

6.024967679999999746e+02, 7.825799999999999557e+01, 9.375600001953125684e+01

6.826369439999999713e+02, 7.693400003906249651e+01, 9.340800001953124365e+01

8.730035199999999804e+02, 7.972800000000000864e+01, 9.449200000976561853e+01

7.505118720000000394e+02, 7.962399999999999523e+01, 9.443800001953124479e+01

9.504463359999999739e+02, 8.016000003906249560e+01, 9.478000002929687184e+01

5.406955520000000206e+02, 7.802400000000000091e+01, 9.370000000976563115e+01

5.033268479999999840e+02, 7.824200000000000443e+01, 9.359800002929686968e+01

5.768311680000000479e+02, 7.819200000000000728e+01, 9.378199999999999648e+01

5.189075199999999768e+02, 7.514800003906249515e+01, 9.225199999999999534e+01

5.027509759999999801e+02, 7.803199999999999648e+01, 9.370999999023437965e+01

6.186375040000000354e+02, 7.824200000000000443e+01, 9.379200000000000159e+01

1.010333568000000014e+03, 8.021600003906249299e+01, 9.483400000976563149e+01

6.363780480000000352e+02, 7.841200000000000614e+01, 9.382999999999999829e+01

8.155411360000000514e+02, 7.967600003906250095e+01, 9.453000000976562944e+01

5.163421439999999620e+02, 7.809000007812500144e+01, 9.363200000000000500e+01

7.210080639999999903e+02, 7.973600003906250322e+01, 9.444600001953125457e+01

9.802831360000000132e+02, 8.038200000000000500e+01, 9.484000001953124581e+01

9.162071039999999584e+02, 7.774599999999999511e+01, 9.385399998046875680e+01

9.198353919999999562e+02, 8.022200000000000841e+01, 9.484000000976561751e+01

7.486711840000000393e+02, 7.727599999999999625e+01, 9.356000000976563058e+01

7.235005919999999833e+02, 7.958600003906249754e+01, 9.447000000976562717e+01

8.728399359999999660e+02, 8.015000000000000568e+01, 9.473600000976563251e+01

4.898494719999999916e+02, 7.770800003906249742e+01, 9.341800001953124877e+01

6.813758080000000064e+02, 7.958200001953125025e+01, 9.445400001953125013e+01

9.026741759999999886e+02, 8.037400003906250845e+01, 9.482600002929687832e+01

7.614904000000000224e+02, 7.687000000000000455e+01, 9.349200001953124683e+01

6.220249599999999646e+02, 7.539799999999999613e+01, 9.259600001953124604e+01

6.474251839999999447e+02, 7.951800000000000068e+01, 9.438600000976562399e+01

9.850091519999999718e+02, 8.039799999999999613e+01, 9.487800003906249913e+01

8.188232319999999618e+02, 7.723600000000000421e+01, 9.363800000000000523e+01

5.904295680000000175e+02, 7.850799999999999557e+01, 9.378399998046874941e+01

4.588369280000000003e+02, 7.790399999999999636e+01, 9.346400001953125525e+01

6.801856320000000551e+02, 7.923999999999999488e+01, 9.428200002929688139e+01

5.137176960000000463e+02, 7.807000003906250640e+01, 9.365200000976562933e+01

6.331877759999999853e+02, 7.525199999999999534e+01, 9.250200000976562364e+01

9.725885439999999562e+02, 7.764600000000000080e+01, 9.382599999999999341e+01

4.916813440000000242e+02, 7.804200000000000159e+01, 9.355000001953125377e+01

7.223918879999999945e+02, 7.966200000000000614e+01, 9.448000001953124638e+01

7.612712800000000470e+02, 7.948400000000000887e+01, 9.442000001953124411e+01

7.581258559999999989e+02, 7.958400003906250220e+01, 9.447400002929687446e+01

4.960606720000000109e+02, 7.796800000000000352e+01, 9.352800001953124820e+01

9.893434879999999794e+02, 8.051599999999999113e+01, 9.494200001953124968e+01

5.697727999999999611e+02, 7.811199999999999477e+01, 9.372399999023437545e+01

6.112730239999999640e+02, 7.803800003906249572e+01, 9.371999999023437056e+01

5.299367680000000291e+02, 7.827799999999999159e+01, 9.387800001953124251e+01

7.406455200000000332e+02, 7.685999999999999943e+01, 9.343600000000000705e+01

5.419972480000000132e+02, 7.822200000000000841e+01, 9.374399998046874316e+01

1.014379775999999993e+03, 8.044600001953125457e+01, 9.489600003906249981e+01

8.865715199999999641e+02, 7.778799999999999670e+01, 9.385799999023437579e+01

5.383173120000000154e+02, 7.824800000000000466e+01, 9.373200003906249833e+01

8.517806080000000293e+02, 8.023800003906249856e+01, 9.476800003906249970e+01

5.775343360000000530e+02, 7.819200000000000728e+01, 9.370000000000000284e+01

8.799288639999999759e+02, 7.740800000000000125e+01, 9.363000003906249447e+01

7.221242240000000265e+02, 7.943200003906250117e+01, 9.435200001953124627e+01

6.892930400000000191e+02, 7.937399999999999523e+01, 9.437000000976561864e+01

7.828033440000000382e+02, 7.970800003906249742e+01, 9.451200001953125707e+01

9.905305600000000368e+02, 8.037600003906250379e+01, 9.480200000976562080e+01

4.978348159999999893e+02, 7.834399999999999409e+01, 9.363200000000000500e+01

7.878014399999999569e+02, 7.953000000000000114e+01, 9.438800001953124763e+01

9.582973439999999528e+02, 8.040600000000000591e+01, 9.489600002929687150e+01

9.876830720000000383e+02, 8.009799999999999898e+01, 9.473600003906250322e+01

4.504569599999999809e+02, 7.786799999999999500e+01, 9.352600001953125286e+01

7.720716640000000552e+02, 7.973799999999999955e+01, 9.456000000976563058e+01

1.019238912000000028e+03, 8.030400003906250106e+01, 9.488400002929687105e+01

7.644423359999999548e+02, 7.942000001953124411e+01, 9.431800002929686855e+01

6.659716479999999592e+02, 7.939600000000000080e+01, 9.442000001953124411e+01

8.809797119999999495e+02, 7.788400000000000034e+01, 9.394400002929687332e+01

9.703746559999999590e+02, 7.990000003906250470e+01, 9.469200004882812038e+01

5.238098559999999679e+02, 7.530600003906249640e+01, 9.245000000000000284e+01

7.929044480000000021e+02, 8.006000001953124467e+01, 9.468400003906249651e+01

7.064959039999999959e+02, 7.964000000000000057e+01, 9.452000001953125263e+01

9.361895680000000084e+02, 8.032400001953125468e+01, 9.485600003906249356e+01

7.049673279999999522e+02, 7.946000000000000796e+01, 9.445000000976563115e+01

7.173696479999999838e+02, 7.971999999999999886e+01, 9.452600001953125286e+01

8.708011520000000019e+02, 8.013400003906249935e+01, 9.471000002929687867e+01

9.230658560000000534e+02, 7.763400000000000034e+01, 9.385800000000000409e+01

6.841204480000000103e+02, 7.526999999999999602e+01, 9.260799999023437579e+01

5.035077759999999785e+02, 7.815200000000000102e+01, 9.361799999999999500e+01

7.148486400000000458e+02, 7.968200000000000216e+01, 9.451800001953125729e+01

9.547221759999999904e+02, 8.034199999999999875e+01, 9.485200002929687457e+01

6.876614240000000109e+02, 7.943600000000000705e+01, 9.441800001953124877e+01

5.415197439999999460e+02, 7.800000000000000000e+01, 9.354200003906250060e+01

9.760476159999999481e+02, 8.023199999999999932e+01, 9.482200002929687344e+01

8.750458879999999908e+02, 8.029200000000000159e+01, 9.480200001953124911e+01

6.120845440000000508e+02, 7.816800003906249117e+01, 9.380599999999999739e+01

8.520185119999999870e+02, 7.967400000000000659e+01, 9.451400002929688071e+01

5.300274560000000292e+02, 7.828399999999999181e+01, 9.372000001953125548e+01

6.628769919999999729e+02, 7.953799999999999670e+01, 9.456000002929687298e+01

5.919474559999999883e+02, 7.832599999999999341e+01, 9.376400000976562410e+01

5.150273280000000113e+02, 7.816599999999999682e+01, 9.362200002929687059e+01

6.989237759999999753e+02, 7.683199999999999363e+01, 9.351600000000000534e+01

6.402937920000000531e+02, 7.925000000000000000e+01, 9.436200000976562308e+01

7.912197599999999511e+02, 7.714199999999999591e+01, 9.340800000000000125e+01

6.738218719999999848e+02, 7.949800003906250367e+01, 9.452600002929688117e+01

9.467013120000000299e+02, 7.767000000000000171e+01, 9.392400000000000659e+01

7.669389919999999847e+02, 7.710999999999999943e+01, 9.352400000000000091e+01

5.999541759999999613e+02, 7.518000000000000682e+01, 9.248800001953125616e+01

8.303164960000000292e+02, 7.973200003906249833e+01, 9.459400000976562239e+01

5.002232960000000048e+02, 7.819400000000000261e+01, 9.367600002929687264e+01

7.635237759999999980e+02, 7.966200000000000614e+01, 9.448000001953124638e+01

6.354272959999999557e+02, 7.941400000000000148e+01, 9.433800001953125047e+01

5.257817599999999629e+02, 7.792199999999999704e+01, 9.360399999999999920e+01

5.147428479999999809e+02, 7.811199999999999477e+01, 9.373800001953125616e+01

8.850411520000000110e+02, 8.021400003906249765e+01, 9.483200001953125025e+01

7.322699679999999489e+02, 7.956400003906250618e+01, 9.451000001953124752e+01

5.619549439999999549e+02, 7.817200003906249606e+01, 9.368200001953124456e+01

7.100586080000000493e+02, 7.940999999999999659e+01, 9.445200001953125479e+01

6.020300799999999981e+02, 7.835800000000000409e+01, 9.376400002929688071e+01

5.905340800000000172e+02, 7.835800000000000409e+01, 9.375800000976562387e+01

6.612601919999999609e+02, 7.948600000000000421e+01, 9.447200001953125081e+01

5.627776000000000067e+02, 7.830799999999999272e+01, 9.369400003906250163e+01

6.837922559999999521e+02, 7.835599999999999454e+01, 9.383800000976562217e+01

6.688828800000000001e+02, 7.955599999999999739e+01, 9.444600002929686866e+01

8.957516799999999648e+02, 8.028799999999999670e+01, 9.482600003906250663e+01

8.563004640000000336e+02, 7.971600000000000819e+01, 9.462400001953125184e+01

4.981615360000000123e+02, 7.802400000000000091e+01, 9.358399998046874657e+01

5.373026559999999563e+02, 7.818000003906249162e+01, 9.363599999999999568e+01

8.889546559999999999e+02, 7.970000003906250186e+01, 9.449800002929687537e+01

8.016155840000000126e+02, 7.953799999999999670e+01, 9.443000002929687753e+01

6.508082719999999881e+02, 7.956600003906250151e+01, 9.450800000976562387e+01

7.058819680000000290e+02, 7.964400003906250447e+01, 9.442000000000000171e+01

5.522952320000000555e+02, 7.820400003906249253e+01, 9.368800001953124479e+01

7.445727200000000039e+02, 7.972599999999999909e+01, 9.458000004882812561e+01

6.333440000000000509e+02, 7.843800000000000239e+01, 9.379600002929687719e+01

6.910580639999999448e+02, 7.963599999999999568e+01, 9.461800001953125161e+01

1.005234431999999970e+03, 8.035400003906249822e+01, 9.487400004882812254e+01

5.901993599999999560e+02, 7.819800000000000750e+01, 9.379999999999999716e+01

9.795154880000000048e+02, 8.081000003906250129e+01, 9.507400001953125468e+01

4.974254080000000044e+02, 7.831199999999999761e+01, 9.366600001953125343e+01

8.871196159999999509e+02, 8.004800003906250083e+01, 9.478800003906249572e+01

7.489443519999999808e+02, 7.966000003906249560e+01, 9.459800001953125559e+01

6.298265119999999797e+02, 7.952400003906249992e+01, 9.437800002929687082e+01

5.768002559999999903e+02, 7.529399999999999693e+01, 9.260400001953125582e+01

9.154919680000000426e+02, 8.018400003906249651e+01, 9.483200003906250686e+01

5.949199999999999591e+02, 7.531799999999999784e+01, 9.259800001953125559e+01

4.914906879999999774e+02, 7.828799999999999670e+01, 9.376200000000000045e+01

9.519063039999999773e+02, 8.030599999999999739e+01, 9.484600003906250265e+01

5.579665919999999915e+02, 7.840600000000000591e+01, 9.382800001953124536e+01

5.597559039999999868e+02, 7.825000000000000000e+01, 9.376000000000000512e+01

8.074231839999999920e+02, 7.965000000000000568e+01, 9.459000000976561751e+01

6.266834880000000112e+02, 7.949800000000000466e+01, 9.447400002929687446e+01

6.300595359999999800e+02, 7.951200003906249947e+01, 9.449000001953125150e+01

5.483162879999999859e+02, 7.532599999999999341e+01, 9.247400000976563206e+01

6.786587359999999762e+02, 7.950400003906250390e+01, 9.440200001953124342e+01

5.609624320000000353e+02, 7.830599999999999739e+01, 9.373600001953124661e+01

7.428684319999999843e+02, 7.950799999999999557e+01, 9.451600002929687605e+01

8.486630400000000236e+02, 8.023199999999999932e+01, 9.484800003906249799e+01

9.305658879999999726e+02, 8.028600000000000136e+01, 9.481400002929687787e+01

7.009664639999999736e+02, 7.944400000000000261e+01, 9.447200000976562251e+01

6.236081920000000309e+02, 7.811199999999999477e+01, 9.368200003906250117e+01

6.423835679999999684e+02, 7.963800000000000523e+01, 9.446200001953124570e+01

7.201505760000000009e+02, 7.946800003906250254e+01, 9.444200000976562137e+01

5.267966079999999920e+02, 7.803999999999999204e+01, 9.364800000976562444e+01

1.017159679999999980e+03, 8.040000000000000568e+01, 9.487399999023438113e+01

6.787316479999999501e+02, 7.676800000000000068e+01, 9.339200003906249492e+01

5.269335039999999708e+02, 7.532400003906249708e+01, 9.237600000000000477e+01

5.364769280000000435e+02, 7.819599999999999795e+01, 9.373599998046874759e+01

9.780003840000000537e+02, 8.026999999999999602e+01, 9.487000002929687525e+01

7.138284479999999803e+02, 7.682599999999999341e+01, 9.332200001953124513e+01

5.120561920000000100e+02, 7.807399999999999807e+01, 9.367000000000000171e+01

6.236631999999999607e+02, 7.923800003906249856e+01, 9.433600001953125513e+01

8.162352640000000292e+02, 7.968600000000000705e+01, 9.459600002929687435e+01

9.985815039999999954e+02, 8.036799999999999500e+01, 9.482600001953125002e+01

7.018058559999999488e+02, 7.974399999999999977e+01, 9.458400002929687389e+01

7.214505120000000034e+02, 7.960600003906250777e+01, 9.439799999999999613e+01

6.977382079999999860e+02, 7.953799999999999670e+01, 9.444000001953125434e+01

7.801766880000000128e+02, 7.951399999999999579e+01, 9.447400001953124615e+01

6.293394560000000411e+02, 7.529399999999999693e+01, 9.243400000976562580e+01

7.606358719999999494e+02, 7.968200000000000216e+01, 9.456600000976563081e+01

5.712168960000000197e+02, 7.821600000000000819e+01, 9.369200000000000728e+01

5.372306559999999536e+02, 7.817000003906250072e+01, 9.375600001953125684e+01

9.722900479999999561e+02, 8.023600001953124661e+01, 9.477400004882812823e+01

4.906012799999999743e+02, 7.834399999999999409e+01, 9.376000003906250413e+01

4.940991999999999962e+02, 7.809000000000000341e+01, 9.363800001953124763e+01

6.204438400000000229e+02, 7.536799999999999500e+01, 9.250600003906249924e+01

5.248228480000000218e+02, 7.806800003906249685e+01, 9.382800001953124536e+01

9.344650239999999712e+02, 7.772200000000000841e+01, 9.393000001953124922e+01

5.834127359999999953e+02, 7.821999999999999886e+01, 9.373800001953125616e+01

7.688383360000000266e+02, 7.956800001953125445e+01, 9.447600000976562740e+01

5.849441920000000437e+02, 7.833599999999999852e+01, 9.377800000976561989e+01

8.114832639999999628e+02, 7.737600000000000477e+01, 9.354600000976562058e+01

5.975650560000000269e+02, 7.844800000000000750e+01, 9.388800001953124763e+01

5.041992319999999950e+02, 7.815000007812500371e+01, 9.363200001953124740e+01

9.685744640000000345e+02, 8.035599999999999454e+01, 9.490200004882812834e+01

7.102558239999999614e+02, 7.948600000000000421e+01, 9.455000001953125377e+01

9.657730559999999969e+02, 8.040600003906250492e+01, 9.486600002929687037e+01

6.330019839999999931e+02, 7.824399999999999977e+01, 9.382599999999999341e+01

5.069410560000000032e+02, 7.829200000000000159e+01, 9.374800001953124706e+01

6.397291519999999991e+02, 7.828600000000000136e+01, 9.379000001953124865e+01

8.500942079999999805e+02, 8.027599999999999625e+01, 9.477200002929687628e+01

9.708920319999999720e+02, 8.032999999999999829e+01, 9.485200004882813118e+01

8.902079999999999700e+02, 8.034199999999999875e+01, 9.477800003906250481e+01

5.789593599999999469e+02, 7.824599999999999511e+01, 9.380399998046874543e+01

4.859704320000000166e+02, 7.802799999999999159e+01, 9.354199999023437329e+01

7.682405599999999595e+02, 7.709600000000000364e+01, 9.351799999023437238e+01

8.818118399999999610e+02, 8.031400003906250618e+01, 9.484200002929686946e+01

8.958754559999999856e+02, 8.021600000000000819e+01, 9.481200003906249663e+01

8.178723680000000513e+02, 7.967799999999999727e+01, 9.449000003906249390e+01

6.944993279999999913e+02, 7.973400000000000887e+01, 9.452399999023437260e+01

7.203430080000000544e+02, 7.964799999999999613e+01, 9.446400001953125525e+01

6.685103040000000192e+02, 7.957600003906250663e+01, 9.446600001953125059e+01

9.309794560000000274e+02, 7.764000000000000057e+01, 9.381000001953124467e+01

7.550095360000000255e+02, 7.962000000000000455e+01, 9.445600002929687378e+01

7.227037599999999884e+02, 7.972400003906250276e+01, 9.451400000976562410e+01

5.751689599999999700e+02, 7.539199999999999591e+01, 9.255200001953124911e+01

8.836021759999999858e+02, 8.008199999999999363e+01, 9.478800003906249572e+01

6.734809599999999818e+02, 7.956800001953125445e+01, 9.453000002929687184e+01

9.233666560000000345e+02, 7.784600000000000364e+01, 9.395600001953124547e+01

9.787184640000000400e+02, 7.770000000000000284e+01, 9.386799999999999500e+01

5.925070719999999937e+02, 7.523400000000000887e+01, 9.254600004882811959e+01

8.508312640000000329e+02, 7.968399999999999750e+01, 9.452000001953125263e+01

9.504221440000000030e+02, 8.034399999999999409e+01, 9.483000001953125491e+01

6.058981119999999692e+02, 7.828000000000000114e+01, 9.379800000976563013e+01

7.201497920000000477e+02, 7.964600000000000080e+01, 9.442000001953124411e+01

8.286584319999999479e+02, 8.020199999999999818e+01, 9.477000004882812334e+01

5.302674560000000383e+02, 7.832800000000000296e+01, 9.372000002929686957e+01

5.698055679999999938e+02, 7.824800000000000466e+01, 9.373000000000000398e+01

5.638401280000000497e+02, 7.834199999999999875e+01, 9.369800000000000750e+01

8.128579200000000355e+02, 7.969200003906249208e+01, 9.455600000976562569e+01

7.641048960000000534e+02, 7.960399999999999920e+01, 9.443800000976563069e+01

5.783646720000000414e+02, 7.838200000000000500e+01, 9.376000001953124752e+01

8.197024639999999636e+02, 7.958200003906250686e+01, 9.450800001953125218e+01

5.364147199999999884e+02, 7.810999999999999943e+01, 9.356400000976562126e+01

8.792220160000000533e+02, 8.000000001953125661e+01, 9.477400003906249992e+01

9.367404800000000478e+02, 7.964799999999999613e+01, 9.450000002929687071e+01

8.225322879999999941e+02, 7.950400000000000489e+01, 9.434400001953125070e+01

5.269889279999999872e+02, 7.821800000000000352e+01, 9.375799999999999557e+01

9.427284160000000384e+02, 7.716599999999999682e+01, 9.355799999023437863e+01

7.651777759999999944e+02, 7.720600000000000307e+01, 9.353799998046875430e+01

1.015156736000000024e+03, 8.008999996093750440e+01, 9.477000002929688094e+01

5.249528319999999439e+02, 7.823400000000000887e+01, 9.357399999023436976e+01

5.069489919999999756e+02, 7.529999999999999716e+01, 9.254400001953125354e+01

7.590723520000000235e+02, 7.978600003906250038e+01, 9.453800000976562501e+01

7.911380480000000261e+02, 7.999200003906250345e+01, 9.470200004882812550e+01

6.242262399999999616e+02, 7.804999999999999716e+01, 9.376200000000000045e+01

5.345342080000000351e+02, 7.837999999999999545e+01, 9.374199999023437613e+01

9.116860319999999547e+02, 7.980400000000000205e+01, 9.462800001953124251e+01

6.628953920000000153e+02, 7.934999999999999432e+01, 9.443000001953124922e+01

5.395464319999999816e+02, 7.514400003906250447e+01, 9.243200003906250117e+01

7.702813599999999497e+02, 7.977199999999999136e+01, 9.458600000976562683e+01

8.004556800000000294e+02, 7.768200000000000216e+01, 9.379200000000000159e+01

1.005515392000000020e+03, 8.014800003906249515e+01, 9.476600001953124774e+01

7.782635999999999967e+02, 7.957000003906250640e+01, 9.450600002929687093e+01

7.257574879999999666e+02, 7.983799996093749485e+01, 9.462400002929688014e+01

5.528823680000000422e+02, 7.827799999999999159e+01, 9.368000001953124922e+01

5.860070399999999609e+02, 7.835200000000000387e+01, 9.374200002929687514e+01

9.129689280000000053e+02, 7.960000003906250754e+01, 9.453199999999999648e+01

9.018782720000000381e+02, 8.034600003906250265e+01, 9.490600001953124831e+01

6.242106880000000046e+02, 7.811599999999999966e+01, 9.372800000976562274e+01

5.487215360000000146e+02, 7.798799999999999955e+01, 9.359799999023437067e+01

5.021175680000000057e+02, 7.808600003906249754e+01, 9.373199999999999932e+01

7.140795839999999544e+02, 7.927400000000000091e+01, 9.435600003906249356e+01

6.470556960000000117e+02, 7.690999999999999659e+01, 9.337800001953124251e+01

5.425811200000000554e+02, 7.822800000000000864e+01, 9.364200001953125252e+01

8.887395840000000362e+02, 8.018200000000000216e+01, 9.478600004882812868e+01

5.104285439999999880e+02, 7.835200000000000387e+01, 9.372000003906249788e+01

5.775565440000000308e+02, 7.824399999999999977e+01, 9.377400000000000091e+01

5.158353919999999562e+02, 7.826599999999999113e+01, 9.368400001953125411e+01

5.277295360000000528e+02, 7.812999999999999545e+01, 9.366799999023437806e+01

5.456367360000000417e+02, 7.804599999999999227e+01, 9.362000000976561864e+01

1.004760319999999979e+03, 7.801999999999999602e+01, 9.398799999023437124e+01

6.873432480000000169e+02, 7.702199999999999136e+01, 9.343999999023436942e+01

5.615304959999999710e+02, 7.812000000000000455e+01, 9.363800002929687594e+01

5.209798399999999674e+02, 7.808599999999999852e+01, 9.371800001953124593e+01

9.887656960000000481e+02, 7.808799999999999386e+01, 9.401600001953124774e+01

5.858339200000000346e+02, 7.835400003906249822e+01, 9.378799999999999670e+01

5.768945919999999887e+02, 7.842199999999999704e+01, 9.379000002929687696e+01

1.017565567999999985e+03, 8.053799999999999670e+01, 9.492200002929686775e+01

6.179761280000000170e+02, 7.513800000000000523e+01, 9.247199999999999420e+01

5.509231359999999995e+02, 7.792600000000000193e+01, 9.350400001953124729e+01

9.663818240000000515e+02, 7.776599999999999113e+01, 9.393200000976563047e+01

7.748458399999999529e+02, 7.958599999999999852e+01, 9.446000000976562205e+01

6.195917439999999488e+02, 7.843999999999999773e+01, 9.380600001953125400e+01

7.483450719999999592e+02, 7.958799999999999386e+01, 9.464200000976562421e+01

6.049739520000000539e+02, 7.829399999999999693e+01, 9.387000000000000455e+01

7.013954559999999674e+02, 7.974399999999999977e+01, 9.459200003906249776e+01

5.670213119999999662e+02, 7.800199999999999534e+01, 9.359600000976561773e+01

9.336000000000000227e+02, 8.028600001953125798e+01, 9.484200002929686946e+01

5.235335679999999456e+02, 7.816599999999999682e+01, 9.367200003906249606e+01

7.636569600000000264e+02, 7.981000003906250129e+01, 9.454800000976563013e+01

8.793039360000000215e+02, 7.942000000000000171e+01, 9.444599999999999795e+01

9.590438400000000456e+02, 8.050600000000000023e+01, 9.491400005859375710e+01

9.281945600000000240e+02, 8.030400003906250106e+01, 9.492000001953124411e+01

7.890220960000000332e+02, 7.701399999999999579e+01, 9.348200001953125593e+01

6.772918240000000196e+02, 7.944200003906249208e+01, 9.446000000976562205e+01

7.860803200000000288e+02, 7.963599999999999568e+01, 9.455400002929687275e+01

6.161282559999999648e+02, 7.828600000000000136e+01, 9.372600004882812641e+01

7.932835840000000189e+02, 7.953600000000000136e+01, 9.442600002929687264e+01

4.801198079999999777e+02, 7.825000000000000000e+01, 9.372000000976562717e+01

9.766969599999999900e+02, 7.790600000000000591e+01, 9.390200001953124342e+01

6.571350879999999961e+02, 7.683600003906249754e+01, 9.319000002929686843e+01

6.864491040000000339e+02, 7.976000000000000512e+01, 9.461600000976562796e+01

7.684872000000000298e+02, 7.974200000000000443e+01, 9.454000000976562035e+01

5.792799999999999727e+02, 7.807999999999999829e+01, 9.371600002929687889e+01

8.221910239999999703e+02, 7.962999999999999545e+01, 9.456600000000000250e+01

7.191310559999999441e+02, 7.965200000000000102e+01, 9.448200002929687003e+01

5.736757760000000417e+02, 7.529600003906250549e+01, 9.256600002929687321e+01

8.357248319999999921e+02, 7.954399999999999693e+01, 9.451800001953125729e+01

1.011117696000000024e+03, 8.035800000000000409e+01, 9.487400003906249424e+01

6.998955039999999599e+02, 7.965400003906249538e+01, 9.448600002929687491e+01

5.746068480000000136e+02, 7.825400000000000489e+01, 9.375000000000000000e+01

7.916813760000000002e+02, 7.951999999999999602e+01, 9.452000003906249503e+01

5.703672319999999445e+02, 7.564799999999999613e+01, 9.262999999999999545e+01

5.223102079999999887e+02, 7.510200003906250288e+01, 9.233600001953125513e+01

7.326637439999999515e+02, 7.718800000000000239e+01, 9.356400003906250618e+01

5.005154559999999719e+02, 7.830799999999999272e+01, 9.380400002929687275e+01

7.858737119999999550e+02, 7.713200000000000500e+01, 9.360399999999999920e+01

6.578691519999999855e+02, 7.732399999999999807e+01, 9.352000001953125263e+01

9.326420480000000452e+02, 8.044200003906249208e+01, 9.496000001953125036e+01

5.327509760000000369e+02, 7.812199999999999989e+01, 9.365800002929687196e+01

5.083392640000000142e+02, 7.821999999999999886e+01, 9.375000001953125661e+01

6.646743519999999990e+02, 7.959799999999999898e+01, 9.440600000976562001e+01

7.564895199999999704e+02, 7.733599999999999852e+01, 9.350999999023437681e+01

5.080806400000000167e+02, 7.823400000000000887e+01, 9.373000001953124638e+01

7.456919520000000148e+02, 7.971600000000000819e+01, 9.451400003906249481e+01

5.842472320000000536e+02, 7.804999999999999716e+01, 9.374600003906249412e+01

7.263800639999999476e+02, 7.980199999999999250e+01, 9.455400001953124445e+01

8.032509440000000041e+02, 7.963600003906249469e+01, 9.447800001953125104e+01

5.432020479999999907e+02, 7.805199999999999250e+01, 9.375200001953125195e+01

9.237875199999999722e+02, 7.793200000000000216e+01, 9.393199999023437385e+01

6.447151039999999966e+02, 7.697800000000000864e+01, 9.336000000976562774e+01

8.926769920000000411e+02, 8.032800000000000296e+01, 9.478000002929687184e+01

7.027426719999999705e+02, 7.966800001953124877e+01, 9.453600004882812868e+01

5.420433920000000398e+02, 7.825199999999999534e+01, 9.377399999023437260e+01

7.194471360000000004e+02, 7.955799999999999272e+01, 9.452200003906250458e+01

9.300839680000000271e+02, 8.032200000000000273e+01, 9.482200001953124513e+01

5.255820159999999532e+02, 7.808799999999999386e+01, 9.364199999999999591e+01

7.941201760000000149e+02, 7.978600000000000136e+01, 9.452400002929687162e+01

8.816471040000000130e+02, 8.033200003906250686e+01, 9.484200002929686946e+01

5.663774079999999458e+02, 7.825400000000000489e+01, 9.379800003906250083e+01

8.023621120000000246e+02, 7.684199999999999875e+01, 9.339600000976562910e+01

6.773512640000000147e+02, 7.702799999999999159e+01, 9.339799999999999613e+01

8.588796800000000076e+02, 7.970600003906250208e+01, 9.454999999999999716e+01

8.688742399999999861e+02, 8.028400003906250504e+01, 9.481000002929687298e+01

5.504460159999999860e+02, 7.501999999999999602e+01, 9.236800003906249401e+01

9.943690239999999676e+02, 8.045200001953125479e+01, 9.489800001953125275e+01

5.598935040000000072e+02, 7.823799999999999955e+01, 9.375800000976562387e+01

8.488079360000000406e+02, 8.026600003906250436e+01, 9.480800002929687764e+01

5.362011519999999791e+02, 7.508199999999999363e+01, 9.251800003906249970e+01

8.139264160000000174e+02, 7.989199999999999591e+01, 9.463400003906249935e+01

5.461969920000000229e+02, 7.501200003906249947e+01, 9.233400000000000318e+01

7.811670080000000098e+02, 7.956600000000000250e+01, 9.450200001953125195e+01

5.400039040000000341e+02, 7.841400000000000148e+01, 9.379800002929687253e+01

7.415806720000000496e+02, 7.832399999999999807e+01, 9.377800003906250481e+01

6.841646399999999630e+02, 7.964799999999999613e+01, 9.450400001953124729e+01

7.454104479999999739e+02, 7.977599999999999625e+01, 9.458800001953125047e+01

8.853048320000000331e+02, 8.022400000000000375e+01, 9.476800004882812800e+01

1.012376064000000042e+03, 8.048400000000000887e+01, 9.484400002929687901e+01

6.611330560000000105e+02, 7.820600000000000307e+01, 9.369400000976563092e+01

8.924933119999999462e+02, 8.030600003906249640e+01, 9.487800003906249913e+01

5.650693119999999681e+02, 7.800799999999999557e+01, 9.366400003906250049e+01

7.780474560000000110e+02, 7.974200000000000443e+01, 9.458000001953125491e+01

8.518481920000000400e+02, 7.956199999999999761e+01, 9.449800002929687537e+01

4.983589119999999753e+02, 7.524600003906249412e+01, 9.256799999999999784e+01

5.308526719999999841e+02, 7.823199999999999932e+01, 9.366000001953125320e+01

9.633921119999999974e+02, 7.988800000000000523e+01, 9.471000002929687867e+01

9.971386880000000019e+02, 8.043000003906249162e+01, 9.489000004882812789e+01

6.107603199999999788e+02, 7.842199999999999704e+01, 9.387200000976562819e+01

5.667276160000000118e+02, 7.822599999999999909e+01, 9.368799999023437408e+01

7.135779999999999745e+02, 7.974800003906250367e+01, 9.452200000976561967e+01

6.161135359999999537e+02, 7.838599999999999568e+01, 9.382600000976562171e+01

6.584618880000000445e+02, 7.533599999999999852e+01, 9.263800000976561932e+01

4.881102080000000001e+02, 7.801000000000000512e+01, 9.365200001953124342e+01

8.181863520000000563e+02, 7.708400000000000318e+01, 9.340400002929688128e+01

5.255002240000000029e+02, 7.828199999999999648e+01, 9.374800001953124706e+01

9.250309119999999439e+02, 8.036400001953124672e+01, 9.482200003906250174e+01

9.354205439999999498e+02, 8.036400000000000432e+01, 9.482400002929686877e+01

7.054084000000000287e+02, 7.939799999999999613e+01, 9.444000000976562603e+01

7.153638560000000552e+02, 7.937600000000000477e+01, 9.443400001953125411e+01

5.830608640000000378e+02, 7.827799999999999159e+01, 9.372199999999999420e+01

8.778894080000000031e+02, 8.018000000000000682e+01, 9.475200001953125195e+01

4.762163840000000050e+02, 7.811400000000000432e+01, 9.364800002929688105e+01

6.208817279999999528e+02, 7.823799999999999955e+01, 9.380999999023437397e+01

5.912415999999999485e+02, 7.840600000000000591e+01, 9.385600001953125116e+01

5.710447359999999435e+02, 7.804800000000000182e+01, 9.371999998046875646e+01

6.225755520000000161e+02, 7.937199999999999989e+01, 9.443200002929687287e+01

5.911376639999999725e+02, 7.837199999999999989e+01, 9.374000001953125150e+01

5.204230400000000145e+02, 7.802800003906250481e+01, 9.353200000976562478e+01

7.112666880000000447e+02, 7.970000000000000284e+01, 9.449200000976561853e+01

8.328996640000000298e+02, 7.983400000000000318e+01, 9.461000001953125604e+01

6.073513599999999997e+02, 7.833199999999999363e+01, 9.382399998046875567e+01

7.645551199999999881e+02, 7.948799999999999955e+01, 9.442000002929687241e+01

5.311169919999999820e+02, 7.823600000000000421e+01, 9.367800000976562558e+01

8.091465600000000222e+02, 7.968800000000000239e+01, 9.455800002929687764e+01

6.428558719999999767e+02, 7.846400007812499666e+01, 9.387199999023437158e+01

9.843870719999999892e+02, 8.035400003906249822e+01, 9.482400002929686877e+01

6.502157439999999724e+02, 7.838600003906249469e+01, 9.379999999999999716e+01

8.046174720000000207e+02, 7.962399999999999523e+01, 9.451000001953124752e+01

6.900354879999999866e+02, 7.942799999999999727e+01, 9.450800001953125218e+01

5.737198079999999436e+02, 7.834999999999999432e+01, 9.374399999999999977e+01

1.011988479999999981e+03, 8.039000003906249958e+01, 9.492400003906250561e+01

6.193887999999999465e+02, 7.838200000000000500e+01, 9.381399999999999295e+01

6.707528320000000122e+02, 7.520199999999999818e+01, 9.250200001953125195e+01

5.516218880000000127e+02, 7.831600000000000250e+01, 9.382200001953124513e+01

8.302159360000000561e+02, 7.964400003906250447e+01, 9.448000000976563229e+01

6.218099200000000337e+02, 7.831600000000000250e+01, 9.379200002929687230e+01

7.662240319999999656e+02, 7.704200000000000159e+01, 9.342800003906249628e+01

9.888903679999999667e+02, 8.031200003906249663e+01, 9.488400002929687105e+01

1.005239808000000039e+03, 8.030599999999999739e+01, 9.481200003906249663e+01

5.108181119999999851e+02, 7.806000000000000227e+01, 9.367400001953124900e+01

9.187728640000000269e+02, 7.800400007812500291e+01, 9.396400001953125525e+01

9.225466880000000174e+02, 8.036400000000000432e+01, 9.484200001953125536e+01

5.973988480000000436e+02, 7.831799999999999784e+01, 9.385400000976562751e+01

8.247222080000000233e+02, 7.977200003906250458e+01, 9.453600002929687207e+01

7.282320959999999559e+02, 7.961599999999999966e+01, 9.445600001953124547e+01

6.668924319999999852e+02, 7.949599999999999511e+01, 9.439600002929687150e+01

6.186380799999999454e+02, 7.824200000000000443e+01, 9.376600000000000534e+01

7.327903519999999844e+02, 7.967200003906249606e+01, 9.456800001953125445e+01

7.614343999999999824e+02, 7.729599999999999227e+01, 9.361800000976562330e+01

5.494118399999999838e+02, 7.828399999999999181e+01, 9.380799999999999272e+01

6.114695679999999811e+02, 7.846399999999999864e+01, 9.375400001953124729e+01

9.982510079999999562e+02, 7.991800003906249117e+01, 9.470600001953124547e+01

7.447643040000000383e+02, 7.971999999999999886e+01, 9.456400003906250618e+01

7.653090720000000147e+02, 7.980799999999999272e+01, 9.451200003906249947e+01

7.031706239999999752e+02, 7.967000000000000171e+01, 9.456600002929687321e+01

5.813395520000000261e+02, 7.946800000000000352e+01, 9.442600000000000193e+01

6.634973119999999653e+02, 7.942799999999999727e+01, 9.431000001953124467e+01

8.338372319999999718e+02, 7.968600000000000705e+01, 9.456600001953124490e+01

8.020629760000000488e+02, 7.970199999999999818e+01, 9.445400001953125013e+01

9.224951039999999693e+02, 8.033200001953125025e+01, 9.481800003906249685e+01

8.604288000000000238e+02, 7.774399999999999977e+01, 9.378400000000000603e+01

5.760158079999999927e+02, 7.844200000000000728e+01, 9.387600000000000477e+01

6.543725439999999480e+02, 7.814000000000000057e+01, 9.375400001953124729e+01

6.628810240000000249e+02, 7.830400000000000205e+01, 9.372000002929686957e+01

5.228972159999999576e+02, 7.821399999999999864e+01, 9.369600001953125457e+01

5.292211839999999938e+02, 7.818999999999999773e+01, 9.379000000000000625e+01

7.550842720000000554e+02, 7.959799999999999898e+01, 9.450600001953125684e+01

6.777144640000000209e+02, 7.718999999999999773e+01, 9.346399999023437033e+01

7.807504159999999729e+02, 7.956000000000000227e+01, 9.447400000976563206e+01

5.506307839999999487e+02, 7.840200000000000102e+01, 9.381399999999999295e+01

9.909941760000000386e+02, 8.039000001953124297e+01, 9.487800003906249913e+01

6.991029600000000528e+02, 7.720600000000000307e+01, 9.348000000000000398e+01

7.944647200000000566e+02, 7.964599998046875839e+01, 9.449000004882812220e+01

7.217928799999999683e+02, 7.951000000000000512e+01, 9.443000001953124922e+01

7.861439520000000130e+02, 7.944800000000000750e+01, 9.449200001953124683e+01

5.101468160000000012e+02, 7.819599999999999795e+01, 9.363800000000000523e+01

8.138634399999999687e+02, 7.925600000000000023e+01, 9.428800002929688162e+01

7.640454879999999775e+02, 7.964400000000000546e+01, 9.454600002929687719e+01

4.867674880000000144e+02, 7.769800000000000750e+01, 9.343399999999999750e+01

5.574376959999999599e+02, 7.838599999999999568e+01, 9.369200000000000728e+01

8.577741760000000113e+02, 7.967600003906250095e+01, 9.450600000976562853e+01

5.873596800000000258e+02, 7.814799999999999613e+01, 9.371599999999999397e+01

6.438785279999999602e+02, 7.536400003906250333e+01, 9.257600000976562171e+01

6.182374079999999594e+02, 7.969599999999999795e+01, 9.443800000976563069e+01

6.163368960000000243e+02, 7.828600000000000136e+01, 9.380200001953124911e+01

7.328862400000000434e+02, 7.965400001953125297e+01, 9.450000000976562831e+01

7.539968639999999596e+02, 7.966600001953125343e+01, 9.453800001953125332e+01

7.075484639999999672e+02, 7.958400000000000318e+01, 9.449400003906249879e+01

7.667186880000000428e+02, 7.690200000000000102e+01, 9.336800001953125161e+01

8.737751040000000557e+02, 7.953199999999999648e+01, 9.461800002929687992e+01

8.468215040000000045e+02, 7.971000000000000796e+01, 9.449600000976562342e+01

6.986635360000000219e+02, 7.947000003906249788e+01, 9.439000002929687128e+01

8.256852639999999610e+02, 7.715200000000000102e+01, 9.347000001953125548e+01

1.002414591999999971e+03, 8.005199999999999250e+01, 9.481000003906250129e+01

4.728278399999999806e+02, 7.814600000000000080e+01, 9.367799999023436897e+01

5.218273920000000317e+02, 7.820600000000000307e+01, 9.377800000000000580e+01

6.258726400000000467e+02, 7.839600000000000080e+01, 9.387400001953125184e+01

4.832102399999999989e+02, 7.818600000000000705e+01, 9.358000001953125491e+01

6.132398080000000391e+02, 7.846600000000000819e+01, 9.386599999999999966e+01

5.493289600000000519e+02, 7.840200000000000102e+01, 9.374400003906249879e+01

6.849718719999999621e+02, 7.938400000000000034e+01, 9.441800000000000637e+01

5.129541759999999613e+02, 7.825799999999999557e+01, 9.373800001953125616e+01

7.344904639999999745e+02, 7.959999999999999432e+01, 9.444200000976562137e+01

5.190792959999999994e+02, 7.810599999999999454e+01, 9.372999999023437567e+01

8.340908160000000180e+02, 7.973600000000000421e+01, 9.449400002929687048e+01

6.582624479999999494e+02, 7.940999999999999659e+01, 9.438600000976562399e+01

6.620096160000000509e+02, 7.934199999999999875e+01, 9.437800000000000011e+01

4.967794559999999819e+02, 7.834000003906250242e+01, 9.376800001953125729e+01

4.908130560000000173e+02, 7.819200000000000728e+01, 9.370000003906250186e+01

7.303488320000000158e+02, 7.683599999999999852e+01, 9.339200001953125252e+01

1.016676864000000023e+03, 8.031199996093749860e+01, 9.490600003906250492e+01

7.407275680000000193e+02, 7.957399999999999807e+01, 9.442600001953124433e+01

7.852595519999999851e+02, 7.971400003906249765e+01, 9.458000002929686900e+01

8.083089760000000297e+02, 7.964800003906249515e+01, 9.448600001953124661e+01

6.651509439999999813e+02, 7.943000000000000682e+01, 9.435599999999999454e+01

4.766675839999999766e+02, 7.786199999999999477e+01, 9.353000003906250015e+01

4.950604799999999841e+02, 7.831399999999999295e+01, 9.376400004882812311e+01

8.030186559999999645e+02, 7.726400003906249481e+01, 9.353000000000000114e+01

8.273566240000000107e+02, 7.973600000000000421e+01, 9.465000003906250470e+01

9.300624639999999772e+02, 7.714000000000000057e+01, 9.360599999999999454e+01

7.150018240000000560e+02, 7.965000003906250470e+01, 9.446800002929687423e+01

9.111349760000000515e+02, 8.037400003906250845e+01, 9.486400001953124672e+01

6.891268639999999550e+02, 7.982399999999999807e+01, 9.461200002929687969e+01

5.300144639999999754e+02, 7.818800000000000239e+01, 9.365200001953124342e+01

7.575594079999999622e+02, 7.948600003906250322e+01, 9.443200000000000216e+01

5.854729599999999436e+02, 7.829200000000000159e+01, 9.380399998046874543e+01

5.332086399999999458e+02, 7.830199999999999250e+01, 9.378600000000000136e+01

5.246513280000000350e+02, 7.834800003906249799e+01, 9.370199999999999818e+01

8.038793120000000272e+02, 7.686200003906250799e+01, 9.336800001953125161e+01

4.996940799999999854e+02, 7.820600000000000307e+01, 9.365800002929687196e+01

5.265587839999999460e+02, 7.841599999999999682e+01, 9.379400001953125354e+01

5.696770559999999932e+02, 7.820799999999999841e+01, 9.372199999999999420e+01

7.535935200000000123e+02, 7.964400003906250447e+01, 9.447800002929687935e+01

7.363724640000000363e+02, 7.986599998046875726e+01, 9.464200001953125252e+01

8.718424959999999828e+02, 7.957800000000000296e+01, 9.440000003906250470e+01

8.172632959999999684e+02, 7.954800000000000182e+01, 9.449600000976562342e+01

9.579765760000000228e+02, 8.016200003906250515e+01, 9.477600002929688117e+01

7.217841760000000022e+02, 7.963800000000000523e+01, 9.452200001953124797e+01

8.701616639999999734e+02, 8.018600000000000705e+01, 9.488400002929687105e+01

8.096115999999999531e+02, 7.950200003906249435e+01, 9.444400000976563092e+01

7.507435520000000224e+02, 7.721000000000000796e+01, 9.350199999999999534e+01

5.575033600000000433e+02, 7.799200000000000443e+01, 9.375600001953125684e+01

7.965525119999999788e+02, 7.975400000000000489e+01, 9.450000002929687071e+01

6.156017920000000458e+02, 7.824200000000000443e+01, 9.375000002929687071e+01

6.660647040000000061e+02, 7.814600000000000080e+01, 9.375199999999999534e+01

5.445122559999999794e+02, 7.821800000000000352e+01, 9.372600000976562740e+01

6.121451520000000528e+02, 7.834999999999999432e+01, 9.374599999023438102e+01

9.902799360000000206e+02, 8.022200000000000841e+01, 9.483600001953125513e+01

8.643517440000000533e+02, 8.021600000000000819e+01, 9.483400001953124558e+01

6.161404800000000250e+02, 7.536400000000000432e+01, 9.258999998046874680e+01

9.305507840000000215e+02, 8.046400003906249765e+01, 9.489400000000000546e+01

6.981198719999999867e+02, 7.965600001953124831e+01, 9.445600001953124547e+01

6.261606399999999439e+02, 7.830799999999999272e+01, 9.382799999023437465e+01

8.018380640000000312e+02, 7.980000003906249617e+01, 9.451800001953125729e+01

5.580741120000000137e+02, 7.545600000000000307e+01, 9.258000002929686900e+01

7.680058559999999943e+02, 7.971000000000000796e+01, 9.458800002929687878e+01

7.243754719999999452e+02, 7.961199999999999477e+01, 9.448800001953125616e+01

6.984385760000000118e+02, 7.961800003906250822e+01, 9.447000002929686957e+01

7.866181119999999964e+02, 7.696800000000000352e+01, 9.347399999023437545e+01

7.593831999999999880e+02, 7.684399999999999409e+01, 9.325400001953124729e+01

9.627973120000000335e+02, 8.034600001953124604e+01, 9.481600005859374392e+01

5.439225599999999758e+02, 7.806399996093750815e+01, 9.367800001953125388e+01

7.770121920000000273e+02, 7.944400000000000261e+01, 9.440400002929688128e+01

6.819041760000000068e+02, 7.719200000000000728e+01, 9.342800001953125388e+01

7.159170719999999619e+02, 7.719800000000000750e+01, 9.345800000976562671e+01

6.407210240000000567e+02, 7.834199999999999875e+01, 9.382599999999999341e+01

8.062943999999999960e+02, 7.715800000000000125e+01, 9.349000002929687980e+01

6.383443839999999909e+02, 7.840000000000000568e+01, 9.386600000976562796e+01

5.867263359999999466e+02, 7.824200000000000443e+01, 9.381000000976563058e+01

8.807641599999999471e+02, 7.771200000000000330e+01, 9.385999999999999943e+01

8.968274239999999509e+02, 7.967799999999999727e+01, 9.450200000976562364e+01

8.168524959999999737e+02, 7.718800000000000239e+01, 9.353400001953124843e+01

5.352808959999999843e+02, 7.506799999999999784e+01, 9.248400003906249367e+01

5.701553280000000541e+02, 7.533000003906249731e+01, 9.259800001953125559e+01

8.475965439999999944e+02, 8.018800001953124479e+01, 9.475200002929688026e+01

5.655431680000000370e+02, 7.843600000000000705e+01, 9.382400001953125468e+01

7.857781919999999900e+02, 7.976400003906249481e+01, 9.451200001953125707e+01

9.548106239999999616e+02, 8.028399999999999181e+01, 9.487200002929687059e+01

5.057069440000000213e+02, 7.821600000000000819e+01, 9.368999999999999773e+01

9.128696959999999763e+02, 7.970400003906249253e+01, 9.449200001953124683e+01

9.992739840000000413e+02, 8.016800000000000637e+01, 9.475800002929688048e+01

8.079029279999999744e+02, 7.718999999999999773e+01, 9.366399997070313077e+01

9.425986560000000054e+02, 8.038200000000000500e+01, 9.483800002929687878e+01

5.649558399999999665e+02, 7.840800000000000125e+01, 9.375200001953125195e+01

6.050248319999999467e+02, 7.828799999999999670e+01, 9.376200001953125707e+01

9.827089919999999665e+02, 8.019800000000000750e+01, 9.485800000000000409e+01

4.946465279999999893e+02, 7.832999999999999829e+01, 9.378800002929688162e+01

7.930975839999999835e+02, 7.971000000000000796e+01, 9.457200003906250174e+01

5.698336000000000467e+02, 7.836200003906250799e+01, 9.381400003906250618e+01

7.239782079999999951e+02, 7.722600003906249810e+01, 9.349600001953125172e+01

6.054551679999999578e+02, 7.837399999999999523e+01, 9.377600000976562455e+01

7.576775039999999990e+02, 7.956000003906250129e+01, 9.444800002929687821e+01

5.160155519999999569e+02, 7.832399999999999807e+01, 9.383999999023437510e+01

8.992335359999999582e+02, 8.036400000000000432e+01, 9.483000005859375392e+01

8.117206879999999956e+02, 7.920000003906250186e+01, 9.432800003906250197e+01

7.082847679999999855e+02, 7.962399999999999523e+01, 9.445000001953124524e+01

6.879340160000000424e+02, 7.966800000000000637e+01, 9.449400000976562808e+01

7.317534719999999879e+02, 7.962200003906249890e+01, 9.448800001953125616e+01

1.018014208000000053e+03, 7.802599999999999625e+01, 9.399000000976562319e+01

5.169927040000000034e+02, 7.820400000000000773e+01, 9.377200001953124797e+01

5.653425280000000157e+02, 7.827599999999999625e+01, 9.381399999999999295e+01

5.667857279999999491e+02, 7.803600000000000136e+01, 9.368200001953124456e+01

7.200934240000000273e+02, 7.974599999999999511e+01, 9.452200001953124797e+01

5.711491839999999911e+02, 7.831999999999999318e+01, 9.376000001953124752e+01

6.912274079999999685e+02, 7.960399999999999920e+01, 9.450800002929688048e+01

7.500176639999999679e+02, 7.975000003906249901e+01, 9.449600000976562342e+01

9.560286720000000287e+02, 8.049200000000000443e+01, 9.488400004882812766e+01

7.235047200000000203e+02, 7.966599999999999682e+01, 9.455600001953125400e+01

1.011217024000000038e+03, 7.789799999999999613e+01, 9.398800001953125616e+01

8.247949439999999868e+02, 7.962000003906250356e+01, 9.454200001953124399e+01

7.676427680000000464e+02, 7.954599999999999227e+01, 9.453200001953125309e+01

5.370026880000000347e+02, 7.803600000000000136e+01, 9.366199999023437783e+01

6.856151999999999589e+02, 7.940000003906250470e+01, 9.431800001953125445e+01

9.318091679999999997e+02, 7.981600000000000250e+01, 9.462600001953124718e+01

8.075707680000000437e+02, 7.971800001953124593e+01, 9.457000002929687810e+01

7.246134080000000495e+02, 7.968999999999999773e+01, 9.453400001953124843e+01

5.684234880000000203e+02, 7.801800003906249970e+01, 9.368200000000000216e+01

1.009320320000000038e+03, 7.790999999999999659e+01, 9.394200001953124968e+01

5.502602239999999938e+02, 7.833199999999999363e+01, 9.375000003906249901e+01

5.850334080000000085e+02, 7.835399999999999920e+01, 9.379800000000000182e+01

7.247314079999999876e+02, 7.976200000000000045e+01, 9.448400002929687957e+01

6.652892799999999625e+02, 7.804599999999999227e+01, 9.368200001953124456e+01

5.934385919999999714e+02, 7.819400000000000261e+01, 9.381399999999999295e+01

5.320533759999999575e+02, 7.847400000000000375e+01, 9.371599998046875157e+01

7.402814560000000483e+02, 7.959399999999999409e+01, 9.450600001953125684e+01

6.461592960000000403e+02, 7.834600000000000364e+01, 9.386400001953124672e+01

5.858348160000000462e+02, 7.829599999999999227e+01, 9.382600003906250663e+01

4.964243200000000229e+02, 7.821600000000000819e+01, 9.368600001953124945e+01

7.496472800000000234e+02, 7.977000003906249503e+01, 9.458599999999999852e+01

8.992716799999999466e+02, 7.800400003906250390e+01, 9.401800000000000068e+01

6.341937920000000304e+02, 7.956799999999999784e+01, 9.445800000976562671e+01

5.710504959999999528e+02, 7.828799999999999670e+01, 9.374800003906250367e+01

5.323472639999999956e+02, 7.831800007812499587e+01, 9.380600002929688230e+01

6.699502720000000409e+02, 7.558599999999999852e+01, 9.273400002929687957e+01

6.084604799999999614e+02, 7.829800000000000182e+01, 9.379200002929687230e+01

7.727672639999999546e+02, 7.964600000000000080e+01, 9.451400001953125241e+01

8.002511520000000473e+02, 7.969400001953124502e+01, 9.466800001953124877e+01

7.956354559999999765e+02, 7.996800003906250254e+01, 9.475000000976562831e+01

4.980163840000000164e+02, 7.810399999999999920e+01, 9.361400003906250333e+01

7.241428959999999506e+02, 7.967000000000000171e+01, 9.455800001953124934e+01

8.104285439999999880e+02, 7.952200003906250458e+01, 9.461599999999999966e+01

4.907296640000000139e+02, 7.811799999999999500e+01, 9.367400002929687730e+01

8.258101279999999633e+02, 7.975799999999999557e+01, 9.451200000976562876e+01

7.044338719999999512e+02, 7.959199999999999875e+01, 9.444200000000000728e+01

5.902677119999999604e+02, 7.825600000000000023e+01, 9.370800003906249742e+01

9.758534399999999778e+02, 8.041800000000000637e+01, 9.488600004882812300e+01

9.738942720000000008e+02, 8.027400000000000091e+01, 9.482600000976562171e+01

7.688047840000000406e+02, 7.971200001953124570e+01, 9.453400004882811913e+01

6.489806079999999611e+02, 7.844200000000000728e+01, 9.387200002929687059e+01

9.381318400000000111e+02, 7.804200000000000159e+01, 9.394599999999999795e+01

4.783434879999999794e+02, 7.818200000000000216e+01, 9.366000002929688151e+01

6.131472639999999501e+02, 7.826200000000000045e+01, 9.375400001953124729e+01

7.210078720000000203e+02, 7.834399999999999409e+01, 9.389400000976561955e+01

6.641159679999999526e+02, 7.828799996093749769e+01, 9.370399999999999352e+01

6.861271199999999908e+02, 7.965600000000000591e+01, 9.449200000976561853e+01

9.884307199999999511e+02, 8.018999996093749871e+01, 9.477800003906250481e+01

8.556800160000000233e+02, 7.970800003906249742e+01, 9.460800003906250311e+01

5.027597440000000120e+02, 7.832599999999999341e+01, 9.375600000976562853e+01

6.945687679999999773e+02, 7.967600000000000193e+01, 9.448000002929687469e+01

1.003916031999999973e+03, 8.030800003906250595e+01, 9.492000002929687241e+01

5.297631999999999834e+02, 7.820600000000000307e+01, 9.375400003906250390e+01

5.567932160000000295e+02, 7.853999999999999204e+01, 9.380199998046875010e+01

6.026551680000000033e+02, 7.830400007812500007e+01, 9.370200001953125479e+01

5.426483200000000124e+02, 7.824200000000000443e+01, 9.367600000000000193e+01

5.771745280000000093e+02, 7.836199999999999477e+01, 9.369599998046875555e+01

8.545255039999999553e+02, 7.963200000000000500e+01, 9.447600001953125570e+01

7.062029119999999693e+02, 7.961599999999999966e+01, 9.447400000976563206e+01

8.318821440000000393e+02, 7.980199999999999250e+01, 9.452600000976562455e+01

7.041179680000000189e+02, 7.966400003906250049e+01, 9.449000001953125150e+01

5.019905919999999924e+02, 7.824600003906249412e+01, 9.371999999999999886e+01

7.496184799999999768e+02, 7.952799999999999159e+01, 9.442600002929687264e+01

6.439636000000000422e+02, 7.939799999999999613e+01, 9.436000000976562774e+01

5.084218240000000151e+02, 7.829599999999999227e+01, 9.375799999999999557e+01

6.468804000000000087e+02, 7.961800003906250822e+01, 9.448200001953125593e+01

6.028874240000000100e+02, 7.857599999999999341e+01, 9.386800002929687992e+01

6.219955840000000080e+02, 7.811199999999999477e+01, 9.364000000000000057e+01

8.121358719999999494e+02, 7.965800000000000125e+01, 9.461200000976562308e+01

6.222893440000000282e+02, 7.833799999999999386e+01, 9.377399999023437260e+01

9.136458720000000540e+02, 7.976400001953125241e+01, 9.458600003906249754e+01

4.850684160000000134e+02, 7.826800000000000068e+01, 9.368600003906250606e+01

5.456193279999999959e+02, 7.804200000000000159e+01, 9.360800001953124649e+01

6.321875199999999495e+02, 7.942000000000000171e+01, 9.437799999023437181e+01

5.492404480000000149e+02, 7.827800003906250481e+01, 9.366000001953125320e+01

8.360629760000000488e+02, 7.972200000000000841e+01, 9.463200001953124740e+01

5.850154240000000527e+02, 7.818399999999999750e+01, 9.376600001953124774e+01

9.152643839999999500e+02, 8.033400000000000318e+01, 9.481999999999999318e+01

6.373500159999999823e+02, 7.551599999999999113e+01, 9.265200003906250004e+01

6.021722240000000284e+02, 7.823000000000000398e+01, 9.364000000976562887e+01

6.154782079999999951e+02, 7.825600000000000023e+01, 9.376400001953125241e+01

9.526442240000000083e+02, 7.785599999999999454e+01, 9.388199999023437670e+01

5.145774719999999434e+02, 7.802400000000000091e+01, 9.368999999999999773e+01

6.863205759999999600e+02, 7.944800000000000750e+01, 9.443600000976562114e+01

8.085186879999999974e+02, 7.979000003906250527e+01, 9.459200001953125536e+01

7.874449919999999565e+02, 7.731799999999999784e+01, 9.351799999023437238e+01

7.659215040000000272e+02, 7.958400000000000318e+01, 9.446000000976562205e+01

9.863014399999999569e+02, 8.027600003906249526e+01, 9.490800001953124365e+01

7.298609440000000177e+02, 7.959799999999999898e+01, 9.444800002929687821e+01

7.517857599999999820e+02, 7.694200000000000728e+01, 9.339800003906249515e+01

7.556416960000000245e+02, 7.970799999999999841e+01, 9.450400001953124729e+01

6.398945919999999887e+02, 7.841400000000000148e+01, 9.378000001953124354e+01

5.608564480000000003e+02, 7.825199999999999534e+01, 9.376999998046875362e+01

7.331236320000000433e+02, 7.687999999999999545e+01, 9.330200002929687741e+01

6.100769920000000184e+02, 7.527599999999999625e+01, 9.246999999999999886e+01

5.040177919999999858e+02, 7.541600003906249583e+01, 9.256400000976562126e+01

5.916721919999999955e+02, 7.842000000000000171e+01, 9.379200000976562990e+01

5.519892479999999750e+02, 7.815600003906250492e+01, 9.374400003906249879e+01

4.659310080000000198e+02, 7.800400000000000489e+01, 9.357199999023437442e+01

8.447505280000000312e+02, 7.963400000000000034e+01, 9.458400002929687389e+01

7.915743840000000091e+02, 7.943999999999999773e+01, 9.440000001953124809e+01

5.286963839999999664e+02, 7.821000000000000796e+01, 9.373600001953124661e+01

5.581490559999999732e+02, 7.815200000000000102e+01, 9.367999999023437852e+01

4.992136960000000272e+02, 7.808599999999999852e+01, 9.372800003906249344e+01

6.407271040000000539e+02, 7.555400000000000205e+01, 9.266800001953124877e+01

6.803603200000000015e+02, 7.834199999999999875e+01, 9.386000000976562774e+01

7.017646240000000262e+02, 7.967199999999999704e+01, 9.445800001953125502e+01

7.486938559999999825e+02, 7.957399999999999807e+01, 9.444000004882812505e+01

5.657546879999999874e+02, 7.818999999999999773e+01, 9.373600001953124661e+01

7.275700960000000350e+02, 7.941800000000000637e+01, 9.443600002929687776e+01

5.436851840000000493e+02, 7.817600003906250095e+01, 9.366600002929686752e+01

5.995204479999999876e+02, 7.848199999999999932e+01, 9.384800003906249799e+01

8.016121600000000171e+02, 7.982999999999999829e+01, 9.463600001953125229e+01

7.914061120000000074e+02, 7.967600000000000193e+01, 9.455000002929688208e+01

8.308580319999999801e+02, 7.960599999999999454e+01, 9.452400001953125752e+01

8.544911520000000564e+02, 7.696200003906250231e+01, 9.351200002929687116e+01

7.807910560000000260e+02, 7.973600003906250322e+01, 9.455200002929687741e+01

7.035857439999999769e+02, 7.973400000000000887e+01, 9.460400002929686991e+01

5.412441599999999653e+02, 7.821800000000000352e+01, 9.368000000000000682e+01

5.146289920000000393e+02, 7.816599999999999682e+01, 9.356000000000000227e+01

6.431916159999999536e+02, 7.839799999999999613e+01, 9.383600000976562683e+01

5.954533119999999826e+02, 7.854200000000000159e+01, 9.380400003906250106e+01

8.116659839999999804e+02, 7.970000000000000284e+01, 9.457800003906250197e+01

1.005901567999999997e+03, 8.021399999999999864e+01, 9.486200002929687969e+01

6.108668800000000374e+02, 7.828799999999999670e+01, 9.377599999999999625e+01

8.082156479999999874e+02, 7.961199999999999477e+01, 9.445800001953125502e+01

6.253879040000000487e+02, 7.837800003906249913e+01, 9.382400003906249708e+01

6.128830719999999701e+02, 7.834199999999999875e+01, 9.381999999999999318e+01

5.387548799999999574e+02, 7.818800000000000239e+01, 9.378000000976562944e+01

5.596487680000000182e+02, 7.847599999999999909e+01, 9.388800000000000523e+01

5.940979839999999967e+02, 7.826999999999999602e+01, 9.383000001953125491e+01

4.729267839999999978e+02, 7.820600000000000307e+01, 9.365399999999999636e+01

7.221584960000000137e+02, 7.968800003906250140e+01, 9.444800003906250652e+01

8.710393599999999878e+02, 7.978199999999999648e+01, 9.456600000976563081e+01

7.018186239999999998e+02, 7.822599999999999909e+01, 9.376400000976562410e+01

6.810090079999999944e+02, 7.968399999999999750e+01, 9.452400001953125752e+01

5.799173759999999902e+02, 7.550000000000000000e+01, 9.254000000000000625e+01

6.056816000000000031e+02, 7.819400000000000261e+01, 9.382200000000000273e+01

6.128567679999999882e+02, 7.853200003906249549e+01, 9.382600001953125002e+01

6.404667520000000422e+02, 7.822200000000000841e+01, 9.382599999999999341e+01

7.181269119999999475e+02, 7.963200000000000500e+01, 9.452600002929688117e+01

6.832025439999999890e+02, 7.954800000000000182e+01, 9.445600002929687378e+01

7.106835839999999962e+02, 7.953799999999999670e+01, 9.443600000976562114e+01

8.195375199999999722e+02, 7.991400000000000148e+01, 9.463600002929688060e+01

9.505192960000000539e+02, 8.015600003906250492e+01, 9.476000002929687582e+01

4.556229119999999853e+02, 7.830400000000000205e+01, 9.362400002929688014e+01

6.320189440000000332e+02, 7.847200000000000841e+01, 9.381600000976563081e+01

7.529381120000000465e+02, 7.968200000000000216e+01, 9.457000001953124979e+01

5.795084799999999632e+02, 7.837600000000000477e+01, 9.373000001953124638e+01

9.229882880000000114e+02, 8.013800000000000523e+01, 9.478600004882812868e+01

5.920858240000000023e+02, 7.534799999999999898e+01, 9.243800000000000239e+01

7.873012639999999465e+02, 7.968000000000000682e+01, 9.453000002929687184e+01

8.571309599999999591e+02, 7.972200000000000841e+01, 9.461800002929687992e+01

7.584261119999999892e+02, 7.984800003906249799e+01, 9.461000001953125604e+01

5.499521280000000161e+02, 7.509600000000000364e+01, 9.236200003906249378e+01

8.331673919999999498e+02, 7.984000000000000341e+01, 9.466800002929687707e+01

6.300378879999999526e+02, 7.830599999999999739e+01, 9.382599999999999341e+01

7.204008000000000038e+02, 7.964000000000000057e+01, 9.447600002929686980e+01

6.491297600000000330e+02, 7.961799999999999500e+01, 9.450200001953125195e+01

5.749456000000000131e+02, 7.816800000000000637e+01, 9.380200000976562080e+01

7.901621280000000525e+02, 7.957999999999999829e+01, 9.449200002929687514e+01

8.226236000000000104e+02, 7.978199999999999648e+01, 9.459000001953124581e+01

5.115096960000000195e+02, 7.834399999999999409e+01, 9.378799999999999670e+01

7.417497600000000375e+02, 8.004599999999999227e+01, 9.468400002929686821e+01

6.032038400000000138e+02, 7.826599999999999113e+01, 9.374200001953124683e+01

5.730723840000000564e+02, 7.807800000000000296e+01, 9.366200000976562023e+01

5.776359039999999823e+02, 7.805799999999999272e+01, 9.367000003906250072e+01

5.749601920000000064e+02, 7.818200000000000216e+01, 9.373800001953125616e+01

6.997746079999999438e+02, 7.962400001953125184e+01, 9.444600001953125457e+01

7.873363839999999527e+02, 7.961000003906249844e+01, 9.438000001953125206e+01

4.948676479999999742e+02, 7.815999999999999659e+01, 9.366000001953125320e+01

6.053293439999999919e+02, 7.530199999999999250e+01, 9.261199999999999477e+01

4.943791360000000168e+02, 7.506000000000000227e+01, 9.231600003906250151e+01

5.620005760000000237e+02, 7.831799999999999784e+01, 9.377200000000000557e+01

4.545697920000000067e+02, 7.809600000000000364e+01, 9.356399999999999295e+01

7.194655840000000353e+02, 7.974800000000000466e+01, 9.453600001953124377e+01

5.760244480000000067e+02, 7.829999999999999716e+01, 9.372399999023437545e+01

6.096693760000000566e+02, 7.842600000000000193e+01, 9.381000001953124467e+01

6.266433279999999968e+02, 7.848000007812500201e+01, 9.378200001953125309e+01

7.371109279999999444e+02, 7.973000000000000398e+01, 9.444400002929687332e+01

6.182480000000000473e+02, 7.818600000000000705e+01, 9.376000001953124752e+01

1.019590655999999967e+03, 8.022000003906249788e+01, 9.486600005859375528e+01

6.965334560000000010e+02, 7.939000000000000057e+01, 9.450800002929688048e+01

5.463656959999999572e+02, 7.821999999999999886e+01, 9.368200002929687287e+01

6.004306559999999990e+02, 7.818000000000000682e+01, 9.367600003906250095e+01

8.276606399999999439e+02, 7.735800000000000409e+01, 9.357600001953125002e+01

5.805919360000000324e+02, 7.536799999999999500e+01, 9.261599999999999966e+01

5.230213760000000320e+02, 7.824800000000000466e+01, 9.368000002929687753e+01

6.038832640000000538e+02, 7.833800007812499189e+01, 9.386200000976562308e+01

6.948590080000000171e+02, 7.812400003906250845e+01, 9.372400000976563206e+01

7.825730079999999589e+02, 7.968399999999999750e+01, 9.439400000976561955e+01

8.114284480000000030e+02, 7.976399999999999579e+01, 9.448600002929687491e+01

7.861651359999999613e+02, 7.972400000000000375e+01, 9.458400001953124558e+01

8.030071359999999459e+02, 7.960400003906249822e+01, 9.445600001953124547e+01

8.859877760000000535e+02, 7.972400000000000375e+01, 9.453600000000000136e+01

7.963651200000000472e+02, 7.973200003906249833e+01, 9.453000004882812846e+01

7.962962240000000520e+02, 7.977600003906249526e+01, 9.460800000976561819e+01

7.199904960000000074e+02, 7.966200000000000614e+01, 9.448400000976562296e+01

7.788977599999999484e+02, 7.979800000000000182e+01, 9.462600001953124718e+01

7.992890879999999925e+02, 7.963400003906249935e+01, 9.455000000976562546e+01

7.598742399999999861e+02, 7.727000003906249503e+01, 9.352799999023437749e+01

8.926040160000000014e+02, 7.978800003906249572e+01, 9.466399999023437317e+01

6.865384319999999434e+02, 7.831600000000000250e+01, 9.376400001953125241e+01

6.906704320000000052e+02, 7.960200000000000387e+01, 9.451999999999999602e+01

6.319910399999999981e+02, 7.861199999999999477e+01, 9.389400001953124786e+01

9.142203520000000481e+02, 7.972000003906249788e+01, 9.451000002929687582e+01

8.549190079999999625e+02, 7.733799999999999386e+01, 9.355400000976563035e+01

9.300060160000000451e+02, 7.989799999999999613e+01, 9.466000002929688151e+01

8.025693119999999681e+02, 7.954800001953125843e+01, 9.453400001953124843e+01