5.345548800000000256e+02, 7.819800003906249231e+01, 9.381399999999999295e+01

4.895429120000000012e+02, 7.803199999999999648e+01, 9.363400001953124274e+01

5.915791359999999486e+02, 7.846600000000000819e+01, 9.385000002929687923e+01

4.927658240000000092e+02, 7.837999999999999545e+01, 9.366800000976562046e+01

5.419533440000000155e+02, 7.809200003906249776e+01, 9.367399999023437829e+01

5.868824319999999943e+02, 7.837800000000000011e+01, 9.382000003906250640e+01

5.206109440000000177e+02, 7.827599999999999625e+01, 9.376000001953124752e+01

4.765346559999999840e+02, 7.826800000000000068e+01, 9.375200003906249435e+01

4.915098879999999895e+02, 7.812000000000000455e+01, 9.373999999999999488e+01

5.709370880000000170e+02, 7.825799999999999557e+01, 9.382400000976562637e+01

5.916721919999999955e+02, 7.840999999999999659e+01, 9.380000000976562546e+01

5.111287679999999796e+02, 7.814799999999999613e+01, 9.368200000976563047e+01

5.868963840000000118e+02, 7.828999999999999204e+01, 9.390400000976562467e+01

5.372306559999999536e+02, 7.814400000000000546e+01, 9.375600000976562853e+01

5.546260479999999689e+02, 7.824800000000000466e+01, 9.378000000976562944e+01

4.822107520000000136e+02, 7.794400003906250163e+01, 9.362600003906250379e+01

5.633982720000000199e+02, 7.821999999999999886e+01, 9.371200001953124570e+01

5.736757760000000417e+02, 7.531199999999999761e+01, 9.257800001953124536e+01

5.108181119999999851e+02, 7.809199999999999875e+01, 9.367800000976562558e+01

5.083392640000000142e+02, 7.823799999999999955e+01, 9.375400001953124729e+01

5.765790719999999965e+02, 7.808799999999999386e+01, 9.363800001953124763e+01

5.099704960000000256e+02, 7.816599999999999682e+01, 9.371200000976563160e+01

4.957640319999999861e+02, 7.803000003906250015e+01, 9.362600000976561887e+01

5.111103360000000180e+02, 7.816200000000000614e+01, 9.364600000976562910e+01

5.237173759999999447e+02, 7.828600000000000136e+01, 9.377600001953125286e+01

5.831165439999999762e+02, 7.823199999999999932e+01, 9.370600000976563138e+01

5.352723839999999882e+02, 7.790200003906250004e+01, 9.357000001953124979e+01

5.399813759999999547e+02, 7.816200007812500417e+01, 9.369200000000000728e+01

5.864941440000000057e+02, 7.534000000000000341e+01, 9.263200001953124740e+01

5.781736959999999499e+02, 7.843400003906249651e+01, 9.379200000000000159e+01

4.940781440000000089e+02, 7.817600000000000193e+01, 9.359600000976561773e+01

5.500300799999999981e+02, 7.543600000000000705e+01, 9.248200000976562762e+01

5.949970560000000432e+02, 7.801400003906249481e+01, 9.384600000000000364e+01

4.799095040000000267e+02, 7.836799999999999500e+01, 9.373200002929687003e+01

5.318424320000000307e+02, 7.805199999999999250e+01, 9.359600003906250265e+01

5.469359359999999697e+02, 7.823400000000000887e+01, 9.380399999023437374e+01

5.352808959999999843e+02, 7.511799999999999500e+01, 9.250000003906249901e+01

5.602680960000000141e+02, 7.823799999999999955e+01, 9.368600000976562114e+01

5.633918079999999691e+02, 7.545600000000000307e+01, 9.257200003906250174e+01

4.998282239999999774e+02, 7.823400000000000887e+01, 9.369200000000000728e+01

5.005154559999999719e+02, 7.829599999999999227e+01, 9.381200003906249663e+01

4.839770879999999806e+02, 7.809600000000000364e+01, 9.361400000000000432e+01

5.704046080000000529e+02, 7.809199999999999875e+01, 9.375400002929687560e+01

5.492794239999999490e+02, 7.814800003906249515e+01, 9.372800000976562274e+01

4.897298559999999839e+02, 7.815999999999999659e+01, 9.364400000976561955e+01

5.394895360000000437e+02, 7.815399999999999636e+01, 9.367600002929687264e+01

5.280651520000000119e+02, 7.796200000000000330e+01, 9.370599998046874646e+01

5.106593920000000253e+02, 7.829999999999999716e+01, 9.379600002929687719e+01

5.054579200000000014e+02, 7.535399999999999920e+01, 9.269200001953124968e+01

5.235335679999999456e+02, 7.818200000000000216e+01, 9.368200003906250117e+01

5.371335679999999684e+02, 7.834799999999999898e+01, 9.376600000000000534e+01

5.204532480000000305e+02, 7.826000000000000512e+01, 9.376200002929687116e+01

5.198657279999999901e+02, 7.824599999999999511e+01, 9.373000000000000398e+01

5.439225599999999758e+02, 7.809199999999999875e+01, 9.368600001953124945e+01

5.300274560000000292e+02, 7.829200007812499962e+01, 9.371600003906249299e+01

5.103370239999999853e+02, 7.783000003906249731e+01, 9.347799999023438033e+01

5.768945919999999887e+02, 7.843000000000000682e+01, 9.381800001953125445e+01

5.673375999999999522e+02, 7.818600000000000705e+01, 9.365000000000000568e+01

4.580318080000000123e+02, 7.805599999999999739e+01, 9.367600000000000193e+01

5.349656320000000278e+02, 7.813200000000000500e+01, 9.368800000000000239e+01

5.017841920000000187e+02, 7.817199999999999704e+01, 9.364400001953124786e+01

5.511398400000000493e+02, 7.827800003906250481e+01, 9.366599999999999682e+01

4.674742400000000089e+02, 7.796800003906250254e+01, 9.350800001953125218e+01

5.584398079999999709e+02, 7.816800000000000637e+01, 9.360000001953125093e+01

5.924066559999999981e+02, 7.833400000000000318e+01, 9.384800000976562728e+01

5.548844800000000532e+02, 7.823199999999999932e+01, 9.376400001953125241e+01

4.919653119999999831e+02, 7.822400000000000375e+01, 9.360800000976561819e+01

4.804657280000000128e+02, 7.820400000000000773e+01, 9.376000000000000512e+01

5.892976159999999481e+02, 7.928399999999999181e+01, 9.437200003906249890e+01

4.879010559999999828e+02, 7.792199999999999704e+01, 9.359200001953125536e+01

5.075472639999999842e+02, 7.820000000000000284e+01, 9.365600000000000591e+01

5.173467520000000377e+02, 7.814000000000000057e+01, 9.368199998046874555e+01

5.335117440000000215e+02, 7.518800000000000239e+01, 9.251200003906249947e+01

5.972989440000000059e+02, 7.832800000000000296e+01, 9.379200003906250060e+01

5.333105279999999766e+02, 7.520800003906249742e+01, 9.258200001953125025e+01

5.755675519999999779e+02, 7.812199999999999989e+01, 9.381400000976562126e+01

5.359911039999999502e+02, 7.804399999999999693e+01, 9.360000001953125093e+01

5.697861759999999549e+02, 7.835200000000000387e+01, 9.382200001953124513e+01

5.721612800000000334e+02, 7.815200000000000102e+01, 9.365400001953125297e+01

5.925379199999999855e+02, 7.832999999999999829e+01, 9.369400001953124502e+01

4.969930880000000002e+02, 7.827799999999999159e+01, 9.364400003906250447e+01

5.726608639999999468e+02, 7.827799999999999159e+01, 9.373400000976562296e+01

5.985049599999999828e+02, 7.840200003906250004e+01, 9.375400001953124729e+01

5.247800320000000056e+02, 7.538800003906250424e+01, 9.253200002929688139e+01

4.877825920000000224e+02, 7.800199999999999534e+01, 9.363600001953125229e+01

5.492404480000000149e+02, 7.831399999999999295e+01, 9.366999999023437340e+01

5.829690239999999903e+02, 7.816599999999999682e+01, 9.374600002929688003e+01

5.311118079999999964e+02, 7.807600003906250663e+01, 9.358799999999999386e+01

5.167578879999999799e+02, 7.516400000000000148e+01, 9.256800000976562615e+01

5.464950400000000172e+02, 7.822200000000000841e+01, 9.374799999023437636e+01

4.105386240000000271e+02, 7.786799999999999500e+01, 9.355800000976562103e+01

5.801030399999999645e+02, 7.801000000000000512e+01, 9.369400003906250163e+01

5.137795200000000477e+02, 7.839600000000000080e+01, 9.371800000000000352e+01

5.754593280000000277e+02, 7.833200003906250686e+01, 9.378600000000000136e+01

5.208441599999999880e+02, 7.534199999999999875e+01, 9.253999999023437795e+01

5.711203839999999445e+02, 7.822599999999999909e+01, 9.364600000000000080e+01

4.878743680000000040e+02, 7.803000000000000114e+01, 9.355200003906250572e+01

5.777952639999999747e+02, 7.810999999999999943e+01, 9.375200004882812266e+01

5.129541759999999613e+02, 7.823400000000000887e+01, 9.377200000000000557e+01

5.203205759999999600e+02, 7.822800000000000864e+01, 9.374599999023438102e+01

5.210234880000000430e+02, 7.814600000000000080e+01, 9.372799998046875203e+01

5.651722240000000284e+02, 7.529000003906250527e+01, 9.250600000976562853e+01

5.093571200000000090e+02, 7.814000000000000057e+01, 9.375799999999999557e+01

5.249528319999999439e+02, 7.818000000000000682e+01, 9.360399998046875680e+01

5.129969919999999775e+02, 7.501200000000000045e+01, 9.232400002929686877e+01

5.300341760000000022e+02, 7.839000000000000057e+01, 9.377800000976561989e+01

5.483135999999999513e+02, 7.787000000000000455e+01, 9.362599999023437647e+01

4.373927679999999896e+02, 7.803799999999999670e+01, 9.359000001953124581e+01

5.004969600000000014e+02, 7.819200000000000728e+01, 9.373000001953124638e+01

5.017967360000000099e+02, 7.823999999999999488e+01, 9.369800003906250652e+01

5.180159999999999627e+02, 7.818200000000000216e+01, 9.362200001953125650e+01

4.588369280000000003e+02, 7.795400000000000773e+01, 9.346400001953125525e+01

5.897798880000000281e+02, 7.938599999999999568e+01, 9.445000000976563115e+01

5.798967679999999518e+02, 7.822599999999999909e+01, 9.366400000000000148e+01

4.497194880000000126e+02, 7.505400000000000205e+01, 9.232800005859374437e+01

5.635143199999999979e+02, 7.918800003906250140e+01, 9.431000002929687298e+01

5.761372800000000325e+02, 7.798600000000000421e+01, 9.364600001953124320e+01

5.758241920000000391e+02, 7.817199999999999704e+01, 9.377200001953124797e+01

5.482179200000000492e+02, 7.532800003906250197e+01, 9.256399999999999295e+01

5.298124159999999847e+02, 7.489600000000000080e+01, 9.228600001953124377e+01

4.683742080000000101e+02, 7.798000000000000398e+01, 9.359799999999999898e+01

5.400488319999999476e+02, 7.803200003906249549e+01, 9.366800002929687707e+01

5.340401279999999815e+02, 7.501800003906249970e+01, 9.242600001953124433e+01

4.833813759999999888e+02, 7.807200000000000273e+01, 9.365800001953124365e+01

5.343122560000000476e+02, 7.487199999999999989e+01, 9.209199999999999875e+01

5.925965439999999944e+02, 7.842600000000000193e+01, 9.381600001953124490e+01

5.441687680000000000e+02, 7.803000003906250015e+01, 9.358599999999999852e+01

5.092430079999999748e+02, 7.825600000000000023e+01, 9.376800000976562899e+01

5.525059199999999464e+02, 7.831799999999999784e+01, 9.382800000000000296e+01

4.890604799999999841e+02, 7.821000007812500598e+01, 9.369800001953124990e+01

5.600648320000000240e+02, 7.522600003906249810e+01, 9.258200001953125025e+01

4.858465279999999780e+02, 7.816400000000000148e+01, 9.360600001953125116e+01

5.414160640000000058e+02, 7.812999999999999545e+01, 9.373000000976563229e+01

5.383173120000000154e+02, 7.821800000000000352e+01, 9.371200003906250231e+01

5.603856640000000198e+02, 7.807200000000000273e+01, 9.367200000976562535e+01

5.496653440000000046e+02, 7.842199999999999704e+01, 9.369400001953124502e+01

5.352753279999999450e+02, 7.832200000000000273e+01, 9.379800001953124422e+01

5.777260159999999587e+02, 7.820000000000000284e+01, 9.380000000976562546e+01

4.760554240000000163e+02, 7.800600000000000023e+01, 9.359000003906250242e+01

5.858339200000000346e+02, 7.838800000000000523e+01, 9.381600000000000250e+01

5.545225599999999986e+02, 7.528799999999999670e+01, 9.255000001953125377e+01

5.237240319999999656e+02, 7.795600000000000307e+01, 9.350800000976562387e+01

5.881081599999999980e+02, 7.802799999999999159e+01, 9.374000000976562319e+01

5.052406399999999849e+02, 7.814600000000000080e+01, 9.360800001953124649e+01

4.885239680000000249e+02, 7.785599999999999454e+01, 9.346800000000000352e+01

5.260815999999999804e+02, 7.836400000000000432e+01, 9.380599999023436908e+01

5.436837120000000141e+02, 7.829200000000000159e+01, 9.376400001953125241e+01

4.896986239999999952e+02, 7.825199999999999534e+01, 9.378000001953124354e+01

5.295825280000000248e+02, 7.828000000000000114e+01, 9.371400003906249765e+01

5.255002240000000029e+02, 7.826800000000000068e+01, 9.373000001953124638e+01

4.719890560000000050e+02, 7.805799999999999272e+01, 9.358599999999999852e+01

4.950694399999999860e+02, 7.548600003906250322e+01, 9.256199999999999761e+01

4.919089920000000120e+02, 7.807200000000000273e+01, 9.366400000976562978e+01

5.419167999999999665e+02, 7.817000000000000171e+01, 9.378199999999999648e+01

5.510570239999999558e+02, 7.512000000000000455e+01, 9.245200003906249719e+01

4.766532480000000191e+02, 7.529999999999999716e+01, 9.264000001953124297e+01

5.870978559999999788e+02, 7.523799999999999955e+01, 9.249800001953124706e+01

5.708092159999999922e+02, 7.814400000000000546e+01, 9.374400003906249879e+01

4.848903680000000236e+02, 7.814400000000000546e+01, 9.363200001953124740e+01

5.745908480000000509e+02, 7.824200000000000443e+01, 9.385000000976562262e+01

5.472282880000000205e+02, 7.847400000000000375e+01, 9.380199999999999250e+01

5.698462719999999990e+02, 7.840400007812499439e+01, 9.378800003906249572e+01

4.985501439999999889e+02, 7.833799999999999386e+01, 9.377800000000000580e+01

5.715162239999999656e+02, 7.825600000000000023e+01, 9.381999999999999318e+01

5.664438400000000229e+02, 7.800600000000000023e+01, 9.372400000976563206e+01

4.634494720000000143e+02, 7.793600000000000705e+01, 9.360600001953125116e+01

5.483162879999999859e+02, 7.532999999999999829e+01, 9.250600000976562853e+01

5.336250880000000052e+02, 7.823799999999999955e+01, 9.370800001953125502e+01

5.834127359999999953e+02, 7.823000000000000398e+01, 9.374400001953125638e+01

5.255820159999999532e+02, 7.805199999999999250e+01, 9.364800000976562444e+01

5.807160320000000411e+02, 7.840600003906250492e+01, 9.367200003906249606e+01

5.697727999999999611e+02, 7.808799999999999386e+01, 9.375400002929687560e+01

5.105476479999999810e+02, 7.809199999999999875e+01, 9.363800000976561932e+01

5.292211839999999938e+02, 7.819200000000000728e+01, 9.376800000000000068e+01

4.689220480000000180e+02, 7.816400000000000148e+01, 9.374599999999999511e+01

5.610288639999999987e+02, 7.832599999999999341e+01, 9.368600001953124945e+01

4.901592959999999835e+02, 7.809600000000000364e+01, 9.365200000000000102e+01

5.071987199999999802e+02, 7.506000000000000227e+01, 9.233800000976562217e+01

5.754712960000000521e+02, 7.831399999999999295e+01, 9.375600003906249924e+01

5.079099519999999757e+02, 7.828399999999999181e+01, 9.375399998046874828e+01

5.027597440000000120e+02, 7.835399999999999920e+01, 9.378000001953124354e+01

4.928817280000000096e+02, 7.829200003906250060e+01, 9.371399999999999864e+01

4.871310080000000085e+02, 7.491800000000000637e+01, 9.238400001953124274e+01

5.254658560000000307e+02, 7.818200000000000216e+01, 9.365200001953124342e+01

5.187068160000000034e+02, 7.809199999999999875e+01, 9.372599999999999909e+01

5.122581760000000486e+02, 7.817799999999999727e+01, 9.368000000000000682e+01

5.684234880000000203e+02, 7.801399999999999579e+01, 9.368600000000000705e+01

5.972803840000000264e+02, 7.814600003906249981e+01, 9.372800000976562274e+01

4.859704320000000166e+02, 7.804999999999999716e+01, 9.355799998046875032e+01

5.101468160000000012e+02, 7.821600003906249299e+01, 9.363000001953125206e+01

5.325180159999999887e+02, 7.830599999999999739e+01, 9.382200002929687344e+01

5.042823040000000105e+02, 7.827799999999999159e+01, 9.384000000000000341e+01

5.842757119999999986e+02, 7.843200000000000216e+01, 9.382200003906250174e+01

4.960606720000000109e+02, 7.794200003906249208e+01, 9.350400000976561898e+01

5.886180480000000443e+02, 7.832999999999999829e+01, 9.373000000000000398e+01

5.237009920000000420e+02, 7.831000000000000227e+01, 9.376399999999999579e+01

5.365112319999999499e+02, 7.826800000000000068e+01, 9.377599998046875385e+01

5.740858240000000023e+02, 7.824399999999999977e+01, 9.375199999023438124e+01

4.763323520000000144e+02, 7.821999999999999886e+01, 9.371800000976563183e+01

4.311254400000000260e+02, 7.787400007812499325e+01, 9.344000000976562603e+01

5.380991999999999962e+02, 7.829399999999999693e+01, 9.375199999999999534e+01

5.137176960000000463e+02, 7.809400003906250731e+01, 9.367200001953125366e+01

5.729790719999999737e+02, 7.821399999999999864e+01, 9.374000000976562319e+01

5.367183360000000221e+02, 7.512600000000000477e+01, 9.246800001953124593e+01

5.409902720000000045e+02, 7.829600003906250549e+01, 9.373400000976562296e+01

5.985430400000000191e+02, 7.808400003906250220e+01, 9.371800000000000352e+01

5.710504959999999528e+02, 7.828199999999999648e+01, 9.378200000976562478e+01

5.573470720000000256e+02, 7.803399999999999181e+01, 9.361200000976562308e+01

4.733710080000000175e+02, 7.811799999999999500e+01, 9.366600001953125343e+01

5.907972479999999678e+02, 7.789400007812500348e+01, 9.365400001953125297e+01

5.485566079999999829e+02, 7.832800000000000296e+01, 9.376800000976562899e+01

5.097015039999999999e+02, 7.501800000000000068e+01, 9.235000001953125093e+01

4.783434879999999794e+02, 7.821600000000000819e+01, 9.368800003906250140e+01

5.275602559999999812e+02, 7.831799999999999784e+01, 9.377800000000000580e+01

5.307981439999999793e+02, 7.808400000000000318e+01, 9.365400001953125297e+01

5.248228480000000218e+02, 7.804600003906250549e+01, 9.379199999023437329e+01

5.842527360000000272e+02, 7.800799999999999557e+01, 9.371400001953125525e+01

5.419972480000000132e+02, 7.822200000000000841e+01, 9.375000000000000000e+01

5.323956480000000511e+02, 7.822400000000000375e+01, 9.363600001953125229e+01

5.308526719999999841e+02, 7.823199999999999932e+01, 9.365400001953125297e+01

5.235894399999999678e+02, 7.523800003906249856e+01, 9.252000002929688094e+01

5.233360000000000127e+02, 7.824399999999999977e+01, 9.370600002929687378e+01

5.892622079999999869e+02, 7.830199999999999250e+01, 9.379200000976562990e+01

5.108001279999999724e+02, 7.821999999999999886e+01, 9.365400002929688128e+01

5.189075199999999768e+02, 7.512800000000000011e+01, 9.226999999023436771e+01

4.935804160000000138e+02, 7.803600000000000136e+01, 9.371400000976562694e+01

5.297849599999999555e+02, 7.818000000000000682e+01, 9.381200000976562592e+01

5.676123519999999871e+02, 7.829999999999999716e+01, 9.382600003906250663e+01

5.470306560000000218e+02, 7.829800000000000182e+01, 9.368399999999999750e+01

4.758175360000000182e+02, 7.833200003906250686e+01, 9.369000001953125434e+01

5.520384639999999763e+02, 7.824399999999999977e+01, 9.373800001953125616e+01

5.146289920000000393e+02, 7.818600000000000705e+01, 9.357999999999999829e+01

5.784480640000000449e+02, 7.806799999999999784e+01, 9.373200002929687003e+01

5.741802880000000187e+02, 7.534400003906250731e+01, 9.257799998046874634e+01

5.540363519999999653e+02, 7.817600000000000193e+01, 9.373799999999999955e+01

5.581657599999999775e+02, 7.839199999999999591e+01, 9.379800000976563013e+01

5.147428479999999809e+02, 7.811199999999999477e+01, 9.372000001953125548e+01

5.283704320000000507e+02, 7.827800003906250481e+01, 9.376600000976561944e+01

5.266194560000000138e+02, 7.826599999999999113e+01, 9.368000001953124922e+01

4.932501760000000104e+02, 7.808400000000000318e+01, 9.353400001953124843e+01

5.207307520000000522e+02, 7.831999996093750838e+01, 9.379800000000000182e+01

4.428821760000000154e+02, 7.788599999999999568e+01, 9.345400002929687844e+01

5.173706879999999728e+02, 7.806999999999999318e+01, 9.366200000976562023e+01

5.671361920000000509e+02, 7.826000000000000512e+01, 9.375600000976562853e+01

5.889352959999999939e+02, 7.838599999999999568e+01, 9.384999999999999432e+01

5.033268479999999840e+02, 7.825200003906249435e+01, 9.364800001953125275e+01

4.892961280000000102e+02, 7.799200000000000443e+01, 9.362800001953124251e+01

5.708972800000000234e+02, 7.501400003906249481e+01, 9.250600001953125684e+01

5.730409600000000410e+02, 7.516600003906249583e+01, 9.243399999999999750e+01

5.147372800000000552e+02, 7.814799999999999613e+01, 9.363200001953124740e+01

5.620090880000000197e+02, 7.805400000000000205e+01, 9.363599999999999568e+01

5.298093440000000101e+02, 7.495799999999999841e+01, 9.229999999999999716e+01

4.980473600000000260e+02, 7.806800007812499587e+01, 9.359799997070312827e+01

4.802725120000000061e+02, 7.821200000000000330e+01, 9.360400000976562751e+01

5.028846720000000232e+02, 7.807800000000000296e+01, 9.363000000976562376e+01

5.499047679999999900e+02, 7.800400000000000489e+01, 9.354399999999999693e+01

5.792160639999999603e+02, 7.521400003906249765e+01, 9.244400001953124502e+01

5.912415999999999485e+02, 7.835999999999999943e+01, 9.385200002929687457e+01

5.059451520000000073e+02, 7.819800000000000750e+01, 9.369200003906250629e+01

5.618398079999999482e+02, 7.811199999999999477e+01, 9.370799999999999841e+01

5.334943359999999757e+02, 7.810800007812500212e+01, 9.373000001953124638e+01

5.664942079999999578e+02, 7.838200000000000500e+01, 9.386400000000000432e+01

5.091295359999999732e+02, 7.822600003906249810e+01, 9.371999999999999886e+01

4.776828160000000025e+02, 7.811400000000000432e+01, 9.367000000000000171e+01

5.443131519999999455e+02, 7.820000000000000284e+01, 9.367000001953124411e+01

5.901621760000000450e+02, 7.828999999999999204e+01, 9.381800001953125445e+01

4.835486080000000015e+02, 7.787999999999999545e+01, 9.360800001953124649e+01

5.055339519999999993e+02, 7.811199999999999477e+01, 9.358000001953125491e+01

5.628168319999999767e+02, 7.829999999999999716e+01, 9.370400001953125013e+01

5.575774079999999913e+02, 7.808600003906249754e+01, 9.375000000976562831e+01

4.989567999999999870e+02, 7.808199999999999363e+01, 9.366000001953125320e+01

4.982979199999999764e+02, 7.544200000000000728e+01, 9.265999998046875419e+01

5.398823039999999764e+02, 7.831999999999999318e+01, 9.375000000000000000e+01

5.444930560000000241e+02, 7.819800000000000750e+01, 9.381999999023437908e+01

5.297631999999999834e+02, 7.820600000000000307e+01, 9.374399999999999977e+01

4.729267839999999978e+02, 7.818999999999999773e+01, 9.365000000000000568e+01

4.542559360000000197e+02, 7.816200000000000614e+01, 9.371399999999999864e+01

4.827978880000000004e+02, 7.807599999999999341e+01, 9.367199999999999704e+01

5.807014400000000478e+02, 7.804399999999999693e+01, 9.371800001953124593e+01

5.303361280000000306e+02, 7.514199999999999591e+01, 9.229399999999999693e+01

4.945137280000000146e+02, 7.811199999999999477e+01, 9.369600003906249697e+01

5.975397120000000086e+02, 7.810800000000000409e+01, 9.377400000000000091e+01

4.779969280000000253e+02, 7.501000003906250413e+01, 9.232599999999999341e+01

5.711491839999999911e+02, 7.835399999999999920e+01, 9.376999999999999602e+01

5.298072959999999512e+02, 7.828199999999999648e+01, 9.368800000976563069e+01

5.027194240000000036e+02, 7.830599999999999739e+01, 9.377200001953124797e+01

5.100455680000000029e+02, 7.807800000000000296e+01, 9.368000000000000682e+01

4.835043840000000159e+02, 7.805199999999999250e+01, 9.357400003906249708e+01

4.556229119999999853e+02, 7.828799999999999670e+01, 9.363800002929687594e+01

5.234240640000000440e+02, 7.821399999999999864e+01, 9.377800001953124820e+01

5.362588799999999765e+02, 7.815800000000000125e+01, 9.372400001953124615e+01

4.848966399999999908e+02, 7.807399999999999807e+01, 9.367800002929686798e+01

5.377838719999999739e+02, 7.826399999999999579e+01, 9.377400001953125752e+01

4.890489600000000223e+02, 7.828600000000000136e+01, 9.381000002929687298e+01

5.627776000000000067e+02, 7.828600003906250038e+01, 9.366600003906249583e+01

5.115096960000000195e+02, 7.839000000000000057e+01, 9.378400000000000603e+01

5.099920000000000186e+02, 7.501800000000000068e+01, 9.234600000976561773e+01

4.673011839999999779e+02, 7.815999999999999659e+01, 9.362600000976561887e+01

5.694200319999999920e+02, 7.809000003906250242e+01, 9.362200003906249890e+01

5.598744960000000219e+02, 7.810200000000000387e+01, 9.360600000976562285e+01

5.269889279999999872e+02, 7.824399999999999977e+01, 9.375600000000000023e+01

5.008830720000000269e+02, 7.830199999999999250e+01, 9.366800001953124877e+01

5.089112319999999841e+02, 7.818600000000000705e+01, 9.368800000000000239e+01

5.118978559999999902e+02, 7.817600000000000193e+01, 9.375000002929687071e+01

5.012980479999999943e+02, 7.832800000000000296e+01, 9.373000001953124638e+01

5.391833599999999933e+02, 7.828600000000000136e+01, 9.370200001953125479e+01

5.121326719999999568e+02, 7.796200000000000330e+01, 9.350600001953125684e+01

5.530798720000000230e+02, 7.824800000000000466e+01, 9.378999998046874964e+01

4.832102399999999989e+02, 7.818800000000000239e+01, 9.356600001953124490e+01

5.383808639999999741e+02, 7.529999999999999716e+01, 9.254000000976562035e+01

5.360317440000000033e+02, 7.792600003906250095e+01, 9.351000001953124752e+01

5.841579520000000230e+02, 7.830599999999999739e+01, 9.382600001953125002e+01

4.822089599999999905e+02, 7.807399999999999807e+01, 9.367799999999999727e+01

5.546629120000000057e+02, 7.812999999999999545e+01, 9.366800001953124877e+01

5.667429759999999987e+02, 7.835200000000000387e+01, 9.379600000000000648e+01

5.316654720000000225e+02, 7.840800000000000125e+01, 9.369800003906250652e+01

4.670761600000000158e+02, 7.815999999999999659e+01, 9.369600001953125457e+01

4.855778559999999970e+02, 7.822800000000000864e+01, 9.372199998046875180e+01

5.269698560000000498e+02, 7.491400000000000148e+01, 9.233400000000000318e+01

4.440427520000000072e+02, 7.802799999999999159e+01, 9.368399999023436919e+01

5.217388160000000425e+02, 7.503200003906249549e+01, 9.246800000000000352e+01

5.423358719999999948e+02, 7.809999999999999432e+01, 9.367199999999999704e+01

4.785757439999999860e+02, 7.832200003906250174e+01, 9.368999999999999773e+01

5.302674560000000383e+02, 7.831999999999999318e+01, 9.372600002929686980e+01

4.768971520000000055e+02, 7.816600003906249583e+01, 9.362999999999999545e+01

5.143008640000000469e+02, 7.800799999999999557e+01, 9.363200001953124740e+01

5.164939520000000357e+02, 7.515399999999999636e+01, 9.245200000976562649e+01

5.355018880000000081e+02, 7.535599999999999454e+01, 9.260400000976562751e+01

5.276052479999999605e+02, 7.806799999999999784e+01, 9.359400001953125070e+01

5.023454080000000204e+02, 7.807999999999999829e+01, 9.369800000976562160e+01

4.762163840000000050e+02, 7.810800000000000409e+01, 9.364000000976562887e+01

5.889411840000000211e+02, 7.550200003906249435e+01, 9.261400002929687503e+01

5.312346880000000056e+02, 7.805600003906249640e+01, 9.368200001953124456e+01

5.312206720000000360e+02, 7.521000000000000796e+01, 9.252400000000000091e+01

4.533356800000000248e+02, 7.803199999999999648e+01, 9.354200000000000159e+01

5.326596479999999474e+02, 7.814199999999999591e+01, 9.368800001953124479e+01

5.375134080000000267e+02, 7.843999999999999773e+01, 9.379200001953124399e+01

5.562999680000000353e+02, 7.803199999999999648e+01, 9.359000000976561751e+01

5.894626560000000381e+02, 7.808399996093750417e+01, 9.370000001953124524e+01

4.993697280000000092e+02, 7.496399999999999864e+01, 9.239800001953125275e+01

5.960619520000000193e+02, 7.809799999999999898e+01, 9.372000001953125548e+01

5.701043200000000297e+02, 7.822600003906249810e+01, 9.379800000976563013e+01

5.426483200000000124e+02, 7.822400000000000375e+01, 9.369399999023437431e+01

5.152481920000000173e+02, 7.803600003906250038e+01, 9.364799999023438204e+01

5.899826560000000200e+02, 7.826600007812500337e+01, 9.375000000000000000e+01

5.792677760000000262e+02, 7.826599999999999113e+01, 9.380799999999999272e+01

5.163421439999999620e+02, 7.806600003906250151e+01, 9.364199999999999591e+01

5.460877440000000433e+02, 7.812600000000000477e+01, 9.365600001953124831e+01

5.569418239999999969e+02, 7.528999999999999204e+01, 9.258000002929686900e+01

5.121446399999999812e+02, 7.812600000000000477e+01, 9.359000002929687412e+01

5.297783680000000004e+02, 7.526200000000000045e+01, 9.255200001953124911e+01

5.001929600000000278e+02, 7.815000000000000568e+01, 9.372399999023437545e+01

5.409253119999999626e+02, 7.806600003906250151e+01, 9.363400002929687105e+01

5.889667200000000093e+02, 7.526400003906249481e+01, 9.255600002929688230e+01

4.879680640000000267e+02, 7.822400007812500178e+01, 9.374400001953125638e+01

5.231706880000000410e+02, 7.480199999999999250e+01, 9.237600002929687548e+01

5.130227840000000015e+02, 7.526000000000000512e+01, 9.248399998046875226e+01

5.525999359999999569e+02, 7.535200000000000387e+01, 9.246600001953125059e+01

5.275353599999999687e+02, 7.792600000000000193e+01, 9.350200000976562364e+01

5.106293759999999793e+02, 7.827199999999999136e+01, 9.369000000976562603e+01

5.783646720000000414e+02, 7.836200003906250799e+01, 9.377400001953125752e+01

5.050044159999999920e+02, 7.811600003906249867e+01, 9.365000001953124809e+01

5.384501119999999901e+02, 7.842200003906249606e+01, 9.382400003906249708e+01

5.801423360000000002e+02, 7.853000000000000114e+01, 9.390400000976562467e+01

5.364147199999999884e+02, 7.812800000000000011e+01, 9.357800001953124536e+01

5.702257280000000037e+02, 7.842199999999999704e+01, 9.382799998046874634e+01

5.509231359999999995e+02, 7.793399999999999750e+01, 9.350200002929688026e+01

4.850684160000000134e+02, 7.829200000000000159e+01, 9.371200002929687400e+01

5.244782079999999951e+02, 7.549800003906250367e+01, 9.267600000000000193e+01

5.760730879999999843e+02, 7.816400000000000148e+01, 9.368199998046874555e+01

5.800243199999999888e+02, 7.815200000000000102e+01, 9.371600001953125059e+01

5.200820479999999861e+02, 7.809999999999999432e+01, 9.354000002929687696e+01

5.229195519999999533e+02, 7.840600000000000591e+01, 9.371999999999999886e+01

5.219362559999999576e+02, 7.822800000000000864e+01, 9.364800001953125275e+01

4.966779520000000048e+02, 7.540000000000000568e+01, 9.262000000000000455e+01

5.903975679999999784e+02, 7.848999999999999488e+01, 9.386199999023438068e+01

5.512456959999999526e+02, 7.838599999999999568e+01, 9.376400001953125241e+01

5.442001920000000155e+02, 7.842600000000000193e+01, 9.379400000976562524e+01

4.950604799999999841e+02, 7.828999999999999204e+01, 9.375600004882812755e+01

5.598935040000000072e+02, 7.826599999999999113e+01, 9.375600000976562853e+01

4.956297599999999761e+02, 7.817000000000000171e+01, 9.367400001953124900e+01

5.143713279999999486e+02, 7.823600000000000421e+01, 9.369000002929686843e+01

5.609624320000000353e+02, 7.830799999999999272e+01, 9.374600001953125172e+01

5.158353919999999562e+02, 7.828200003906249549e+01, 9.367000001953124411e+01

5.809177600000000439e+02, 7.511199999999999477e+01, 9.256799999999999784e+01

5.579665919999999915e+02, 7.836199999999999477e+01, 9.377600001953125286e+01

4.676316800000000171e+02, 7.793200000000000216e+01, 9.348000003906250299e+01

5.700122239999999465e+02, 7.535399999999999920e+01, 9.255200001953124911e+01

4.684270080000000007e+02, 7.797400000000000375e+01, 9.371600000976562228e+01

5.737198079999999436e+02, 7.836400000000000432e+01, 9.374599999999999511e+01

5.943438720000000330e+02, 7.540800000000000125e+01, 9.260799999023437579e+01

4.864936959999999999e+02, 7.806799999999999784e+01, 9.361200000976562308e+01

5.617072640000000092e+02, 7.808799999999999386e+01, 9.375000001953125661e+01

5.374033279999999877e+02, 7.831600000000000250e+01, 9.380999999023437397e+01

5.235678080000000136e+02, 7.819400000000000261e+01, 9.365800000976562956e+01

4.950868479999999749e+02, 7.529399999999999693e+01, 9.251999999999999602e+01

5.204230400000000145e+02, 7.798799999999999955e+01, 9.349800000976561876e+01

5.777358719999999721e+02, 7.853799999999999670e+01, 9.380599999999999739e+01

5.134372479999999541e+02, 7.811799999999999500e+01, 9.364200000976562421e+01

5.362558080000000018e+02, 7.826800000000000068e+01, 9.382200001953124513e+01

5.956680959999999914e+02, 7.490200003906250004e+01, 9.235600001953125116e+01

4.974346239999999852e+02, 7.813800000000000523e+01, 9.358600001953125513e+01

4.649993600000000242e+02, 7.800199999999999534e+01, 9.355600002929688230e+01

4.362168960000000197e+02, 7.506399999999999295e+01, 9.232399999999999807e+01

5.432020479999999907e+02, 7.807999999999999829e+01, 9.375000003906249901e+01

5.891034879999999703e+02, 7.835999999999999943e+01, 9.371200000000000330e+01

5.332086399999999458e+02, 7.837600000000000477e+01, 9.377200000000000557e+01

5.829516800000000103e+02, 7.828000000000000114e+01, 9.368999999999999773e+01

5.186309760000000324e+02, 7.826399999999999579e+01, 9.367400001953124900e+01

5.619549439999999549e+02, 7.816600003906249583e+01, 9.369800000000000750e+01

4.989909759999999892e+02, 7.811199999999999477e+01, 9.371999999023437056e+01

5.510622720000000072e+02, 7.825600000000000023e+01, 9.371800000976563183e+01

5.586981759999999895e+02, 7.836599999999999966e+01, 9.377200001953124797e+01

5.353137279999999691e+02, 7.809600000000000364e+01, 9.370000000000000284e+01

5.420433920000000398e+02, 7.829800003906250083e+01, 9.374599999023438102e+01

5.270359039999999595e+02, 7.826200000000000045e+01, 9.370600003906250208e+01

5.630099199999999655e+02, 7.819800000000000750e+01, 9.366600001953125343e+01

5.002232960000000048e+02, 7.819599999999999795e+01, 9.365400002929688128e+01

5.060334080000000085e+02, 7.834600000000000364e+01, 9.372600001953125570e+01

5.696770559999999932e+02, 7.817799999999999727e+01, 9.371599999999999397e+01

4.979688959999999724e+02, 7.818000000000000682e+01, 9.370600003906250208e+01

4.801198079999999777e+02, 7.824400007812499780e+01, 9.368800000976563069e+01

5.470159360000000106e+02, 7.821000000000000796e+01, 9.366200001953124854e+01

5.134995840000000271e+02, 7.814400007812500348e+01, 9.373399998046875226e+01

5.919493119999999635e+02, 7.817000000000000171e+01, 9.365800001953124365e+01

4.967794559999999819e+02, 7.836599999999999966e+01, 9.379000001953124865e+01

5.579983999999999469e+02, 7.534400003906250731e+01, 9.249400002929687048e+01

5.040714879999999880e+02, 7.798400000000000887e+01, 9.365200003906250004e+01

5.067168639999999868e+02, 7.821400003906249765e+01, 9.363800001953124763e+01

4.978348159999999893e+02, 7.831799999999999784e+01, 9.366000000976562490e+01

5.903050240000000031e+02, 7.840399999999999636e+01, 9.382600002929687832e+01

5.478369920000000093e+02, 7.825400000000000489e+01, 9.378599999023437306e+01

5.350327680000000328e+02, 7.822200003906249322e+01, 9.372200000976562251e+01

5.742096639999999752e+02, 7.839799999999999613e+01, 9.379600001953124888e+01

5.132611200000000053e+02, 7.812600000000000477e+01, 9.360000001953125093e+01

4.978638080000000059e+02, 7.812800003906249913e+01, 9.358000000976562660e+01

5.561774080000000140e+02, 7.534799999999999898e+01, 9.249399998046874316e+01

5.330423680000000104e+02, 7.819200000000000728e+01, 9.378199999999999648e+01

5.217191679999999678e+02, 7.817799999999999727e+01, 9.361200003906249378e+01

5.270062080000000151e+02, 7.818399999999999750e+01, 9.374199999023437613e+01

5.775674880000000257e+02, 7.821000000000000796e+01, 9.360000003906250754e+01

5.706615040000000363e+02, 7.515999999999999659e+01, 9.250000001953125661e+01

5.119549440000000118e+02, 7.828199999999999648e+01, 9.374000001953125150e+01

5.843296000000000276e+02, 7.840800000000000125e+01, 9.385200000000000387e+01

4.718743680000000040e+02, 7.526600003906250436e+01, 9.254600001953124888e+01

4.952389120000000275e+02, 7.820199999999999818e+01, 9.368600000976562114e+01

5.164929280000000063e+02, 7.830800003906250595e+01, 9.368200000976563047e+01

5.363372799999999643e+02, 7.834600000000000364e+01, 9.372400000976563206e+01

5.462938239999999723e+02, 7.816400003906250049e+01, 9.368600001953124945e+01

5.701123199999999542e+02, 7.832399999999999807e+01, 9.377799999023437749e+01

4.914906879999999774e+02, 7.826599999999999113e+01, 9.375799999023438147e+01

5.769868800000000419e+02, 7.835800000000000409e+01, 9.380200000976562080e+01

4.908130560000000173e+02, 7.819599999999999795e+01, 9.368800003906250140e+01

5.020648959999999761e+02, 7.838800000000000523e+01, 9.374399999023437147e+01

5.175767039999999497e+02, 7.806600000000000250e+01, 9.370000002929687355e+01

5.975650560000000269e+02, 7.846600000000000819e+01, 9.389400001953124786e+01

5.208276479999999538e+02, 7.838400000000000034e+01, 9.379600000976562058e+01

4.944419199999999819e+02, 7.814199999999999591e+01, 9.372599999999999909e+01

5.949619840000000295e+02, 7.810200000000000387e+01, 9.371399999999999864e+01

4.692517119999999977e+02, 7.811599999999999966e+01, 9.358400000000000318e+01

5.384525439999999890e+02, 7.820400000000000773e+01, 9.363799999023437692e+01

4.498256000000000085e+02, 7.819599999999999795e+01, 9.373600000000000421e+01

5.041299839999999790e+02, 7.821999999999999886e+01, 9.376800000976562899e+01

4.915900159999999914e+02, 7.809799999999999898e+01, 9.360799999023437579e+01

5.538115840000000389e+02, 7.525000000000000000e+01, 9.239200003906249492e+01

5.365304320000000189e+02, 7.828999999999999204e+01, 9.379600001953124888e+01

4.687137920000000122e+02, 7.831799999999999784e+01, 9.369600001953125457e+01

5.824230400000000145e+02, 7.826200003906249947e+01, 9.371600002929687889e+01

5.535889919999999620e+02, 7.824200000000000443e+01, 9.368800000000000239e+01

5.144744319999999789e+02, 7.814600003906249981e+01, 9.366200001953124854e+01

5.027509759999999801e+02, 7.802400000000000091e+01, 9.371600003906249299e+01

5.494429440000000113e+02, 7.824399999999999977e+01, 9.368800003906250140e+01

4.826407679999999800e+02, 7.814199999999999591e+01, 9.361600001953125627e+01

5.192321920000000546e+02, 7.811400000000000432e+01, 9.379600001953124888e+01

5.037501439999999775e+02, 7.819400000000000261e+01, 9.372400000000000375e+01

5.927673600000000533e+02, 7.805599999999999739e+01, 9.368599999023437874e+01

5.983411200000000463e+02, 7.809799999999999898e+01, 9.366200003906250515e+01

5.625205760000000055e+02, 7.531600000000000250e+01, 9.247599999999999909e+01

4.732845439999999826e+02, 7.798400000000000887e+01, 9.354199999023437329e+01

5.414245120000000497e+02, 7.834000000000000341e+01, 9.374399999999999977e+01

5.650278399999999692e+02, 7.822400000000000375e+01, 9.373799999999999955e+01

5.983970560000000205e+02, 7.832200000000000273e+01, 9.379399998046875453e+01

5.795084799999999632e+02, 7.833599999999999852e+01, 9.373200001953125593e+01

5.082177280000000223e+02, 7.834199999999999875e+01, 9.378000003906250015e+01

5.277295360000000528e+02, 7.810200000000000387e+01, 9.368999999999999773e+01

5.487143039999999701e+02, 7.822400000000000375e+01, 9.371800000976563183e+01

5.195798399999999901e+02, 7.828000000000000114e+01, 9.374400001953125638e+01

5.583606399999999894e+02, 7.519400000000000261e+01, 9.253000003906250015e+01

5.120561920000000100e+02, 7.807200000000000273e+01, 9.370199999023436987e+01

5.726654079999999567e+02, 7.830400003906250106e+01, 9.380400003906250106e+01

5.973988480000000436e+02, 7.836400000000000432e+01, 9.386600000976562796e+01

5.393672319999999445e+02, 7.810399999999999920e+01, 9.362399999023438113e+01

4.874227839999999787e+02, 7.801800000000000068e+01, 9.360999999023437113e+01

5.503907199999999875e+02, 7.826999999999999602e+01, 9.377200000976561967e+01

5.088169599999999946e+02, 7.824600003906249412e+01, 9.374600000976562342e+01

4.463570560000000000e+02, 7.818800003906250140e+01, 9.373799998046874293e+01

5.789593599999999469e+02, 7.822200000000000841e+01, 9.379600000976562058e+01

5.084218240000000151e+02, 7.827199999999999136e+01, 9.377199998046874896e+01

5.615304959999999710e+02, 7.809999999999999432e+01, 9.363200000976561910e+01

5.760158079999999927e+02, 7.843800003906250140e+01, 9.387200000976562819e+01

4.895512959999999794e+02, 7.515800000000000125e+01, 9.240000000976561978e+01

5.938244479999999612e+02, 7.830400000000000205e+01, 9.366400000000000148e+01

5.440226559999999836e+02, 7.837800000000000011e+01, 9.379600001953124888e+01

5.434945920000000115e+02, 7.520199999999999818e+01, 9.249800000000000466e+01

5.327578879999999799e+02, 7.808799999999999386e+01, 9.362800001953124251e+01

5.450323839999999791e+02, 7.835800000000000409e+01, 9.388800001953124763e+01

4.581730559999999741e+02, 7.790200007812499905e+01, 9.359800003906249799e+01

5.645342080000000351e+02, 7.819599999999999795e+01, 9.367200001953125366e+01

5.299367680000000291e+02, 7.831600000000000250e+01, 9.388600000976562399e+01

5.574376959999999599e+02, 7.839400000000000546e+01, 9.368800000976563069e+01

4.625181440000000066e+02, 7.830199999999999250e+01, 9.371600001953125059e+01

5.657546879999999874e+02, 7.819800000000000750e+01, 9.374600001953125172e+01

5.683166079999999738e+02, 7.550600000000000023e+01, 9.270399999999999352e+01

5.975708799999999883e+02, 7.830799999999999272e+01, 9.377799999023437749e+01

5.502602239999999938e+02, 7.835599999999999454e+01, 9.375000003906249901e+01

5.724958719999999630e+02, 7.831999999999999318e+01, 9.376600000000000534e+01

5.290911999999999580e+02, 7.797400000000000375e+01, 9.361600001953125627e+01

5.743850240000000440e+02, 7.843999999999999773e+01, 9.382400000976562637e+01

5.053333119999999781e+02, 7.806199999999999761e+01, 9.367400001953124900e+01

5.438380799999999908e+02, 7.504999999999999716e+01, 9.232200000976563103e+01

5.069410560000000032e+02, 7.832599999999999341e+01, 9.372400001953124615e+01

5.701553280000000541e+02, 7.534799999999999898e+01, 9.260600001953125116e+01

5.265587839999999460e+02, 7.838599999999999568e+01, 9.378000001953124354e+01

5.269335039999999708e+02, 7.530199999999999250e+01, 9.237999999999999545e+01

4.714395519999999919e+02, 7.801000000000000512e+01, 9.371200000000000330e+01

5.895964800000000423e+02, 7.814799999999999613e+01, 9.370000000976563115e+01

4.992136960000000272e+02, 7.807999999999999829e+01, 9.372200003906249322e+01

5.030844159999999761e+02, 7.802400000000000091e+01, 9.356200001953125422e+01

5.400039040000000341e+02, 7.841400000000000148e+01, 9.380600002929688230e+01

4.513479040000000282e+02, 7.812399999999999523e+01, 9.368999999999999773e+01

5.424909440000000131e+02, 7.516200003906250515e+01, 9.250400001953124729e+01

5.350560000000000400e+02, 7.818399999999999750e+01, 9.368800003906250140e+01

5.104852480000000128e+02, 7.814000000000000057e+01, 9.362400000976562353e+01

5.128137600000000020e+02, 7.804399999999999693e+01, 9.357200000976563103e+01

5.538279680000000553e+02, 7.826999999999999602e+01, 9.381600001953124490e+01

5.841122560000000021e+02, 7.836799999999999500e+01, 9.386200000976562308e+01

5.456367360000000417e+02, 7.805599999999999739e+01, 9.362399999023438113e+01

4.659310080000000198e+02, 7.800000000000000000e+01, 9.357400001953125468e+01

5.121545599999999467e+02, 7.814199999999999591e+01, 9.372000001953125548e+01

5.552199679999999944e+02, 7.816200000000000614e+01, 9.364199999999999591e+01

4.713914239999999722e+02, 7.779399999999999693e+01, 9.357200001953124513e+01

5.430044159999999920e+02, 7.544599999999999795e+01, 9.256399999999999295e+01

5.884167039999999815e+02, 7.828199999999999648e+01, 9.374800000000000466e+01

5.445596160000000054e+02, 7.804599999999999227e+01, 9.375600003906249924e+01

5.499720959999999650e+02, 7.803000000000000114e+01, 9.363600000976562399e+01

5.597795839999999998e+02, 7.821999999999999886e+01, 9.368399999999999750e+01

4.994182400000000257e+02, 7.821999999999999886e+01, 9.378400001953124843e+01

5.220559359999999742e+02, 7.833400003906250220e+01, 9.387000001953124695e+01

5.448415360000000192e+02, 7.532400003906249708e+01, 9.254800003906250083e+01

5.801866240000000516e+02, 7.508400000000000318e+01, 9.243600001953124945e+01

5.859920640000000276e+02, 7.831000000000000227e+01, 9.376400000976562410e+01

5.671930240000000367e+02, 7.812999999999999545e+01, 9.376799997070312997e+01

4.916202240000000074e+02, 7.833599999999999852e+01, 9.370800003906249742e+01

5.911376639999999725e+02, 7.834600000000000364e+01, 9.375200001953125195e+01

5.790072959999999966e+02, 7.820199999999999818e+01, 9.374200003906250345e+01

4.978256640000000175e+02, 7.821999999999999886e+01, 9.375399999023437658e+01

5.338069120000000112e+02, 7.815200000000000102e+01, 9.370600002929687378e+01

4.728278399999999806e+02, 7.814600000000000080e+01, 9.367799999023436897e+01

5.516218880000000127e+02, 7.828000000000000114e+01, 9.383200001953125025e+01

4.906012799999999743e+02, 7.830599999999999739e+01, 9.377400002929687162e+01

5.461969920000000229e+02, 7.503999999999999204e+01, 9.230799998046875032e+01

4.735111679999999978e+02, 7.809199999999999875e+01, 9.369800000976562160e+01

5.746068480000000136e+02, 7.829599999999999227e+01, 9.375199999999999534e+01

5.837452799999999797e+02, 7.815600000000000591e+01, 9.372200001953125081e+01

5.092344320000000266e+02, 7.835200000000000387e+01, 9.375600001953125684e+01

5.663774079999999458e+02, 7.818600003906249185e+01, 9.375400003906250390e+01

5.312070400000000063e+02, 7.805600003906249640e+01, 9.372199999999999420e+01

5.506307839999999487e+02, 7.839400000000000546e+01, 9.380399998046874543e+01

4.764975999999999772e+02, 7.514600000000000080e+01, 9.245800002929686912e+01

4.810591360000000236e+02, 7.815800000000000125e+01, 9.376400001953125241e+01

5.101230719999999792e+02, 7.822400000000000375e+01, 9.379800000000000182e+01

5.284721919999999500e+02, 7.551399999999999579e+01, 9.258600000976562683e+01

4.724597120000000245e+02, 7.815200000000000102e+01, 9.363600001953125229e+01

5.792799999999999727e+02, 7.804999999999999716e+01, 9.370400000976562183e+01

4.848529919999999720e+02, 7.814000000000000057e+01, 9.368399999023436919e+01

5.292227199999999812e+02, 7.513000003906250868e+01, 9.231800001953125445e+01

5.360499839999999949e+02, 7.828600000000000136e+01, 9.381400001953124956e+01

5.658207360000000108e+02, 7.821000003906249276e+01, 9.372400000000000375e+01

5.695335039999999935e+02, 7.841800000000000637e+01, 9.377600002929688117e+01

5.249940480000000207e+02, 7.816200000000000614e+01, 9.371000003906249276e+01

5.210187519999999495e+02, 7.812800000000000011e+01, 9.365599998046874930e+01

5.384177919999999631e+02, 7.818600003906249185e+01, 9.373200000976562762e+01

5.100756480000000010e+02, 7.842000000000000171e+01, 9.377200000000000557e+01

5.479143679999999677e+02, 7.789799999999999613e+01, 9.355200002929687741e+01

5.627021439999999757e+02, 7.839400000000000546e+01, 9.379600002929687719e+01

5.104285439999999880e+02, 7.834200003906249776e+01, 9.371200003906250231e+01

5.406115200000000414e+02, 7.817199999999999704e+01, 9.365399999999999636e+01

5.154359680000000026e+02, 7.812600003906250379e+01, 9.365200000976562933e+01

5.037325440000000185e+02, 7.811599999999999966e+01, 9.367000001953124411e+01

4.560221440000000257e+02, 7.814799999999999613e+01, 9.368600003906250606e+01

5.602642560000000458e+02, 7.829999999999999716e+01, 9.365000000000000568e+01

5.307646079999999529e+02, 7.825799999999999557e+01, 9.373600000000000421e+01

4.883306240000000003e+02, 7.833599999999999852e+01, 9.379600000976562058e+01

5.962435199999999895e+02, 7.523199999999999932e+01, 9.251999999023436771e+01

5.538477440000000342e+02, 7.833799999999999386e+01, 9.379800000000000182e+01

5.087889279999999985e+02, 7.834199999999999875e+01, 9.365800003906250026e+01

5.811241599999999607e+02, 7.834399999999999409e+01, 9.377000003906249503e+01

5.161918719999999894e+02, 7.543000000000000682e+01, 9.255799999023437863e+01

5.512285440000000563e+02, 7.813400000000000034e+01, 9.368199999023437385e+01

5.575033600000000433e+02, 7.798199999999999932e+01, 9.373400000976562296e+01

5.262281600000000026e+02, 7.850799999999999557e+01, 9.385800000976561819e+01

5.405557119999999713e+02, 7.822200003906249322e+01, 9.371800002929687423e+01

5.395464319999999816e+02, 7.515600000000000591e+01, 9.243600003906250606e+01

5.286963839999999664e+02, 7.822800000000000864e+01, 9.372600001953125570e+01

5.584909440000000131e+02, 7.832800000000000296e+01, 9.377400001953125752e+01

5.190792959999999994e+02, 7.812600000000000477e+01, 9.372600000976562740e+01

5.370026880000000347e+02, 7.808799999999999386e+01, 9.365999999023438249e+01

5.715384960000000092e+02, 7.841200000000000614e+01, 9.380199999999999250e+01

4.946465279999999893e+02, 7.829999999999999716e+01, 9.382000002929687810e+01

5.387548799999999574e+02, 7.820000000000000284e+01, 9.376400000976562410e+01

5.367943679999999631e+02, 7.521399999999999864e+01, 9.240400002929688128e+01

5.347124479999999949e+02, 7.825600000000000023e+01, 9.364600001953124320e+01

5.436851840000000493e+02, 7.814400000000000546e+01, 9.364800000976562444e+01

4.996220159999999737e+02, 7.834199999999999875e+01, 9.372600003906249810e+01

5.356426239999999552e+02, 7.831199999999999761e+01, 9.381399999999999295e+01

5.861113599999999906e+02, 7.839400000000000546e+01, 9.384600000976561773e+01

5.446318079999999782e+02, 7.542600000000000193e+01, 9.260399999023437090e+01

5.020638079999999945e+02, 7.833600007812499655e+01, 9.378400000000000603e+01

5.771745280000000093e+02, 7.836199999999999477e+01, 9.370600000976563138e+01

5.655923840000000382e+02, 7.827199999999999136e+01, 9.368800002929687309e+01

4.766675839999999766e+02, 7.781200003906249663e+01, 9.354400003906249594e+01

5.252975360000000364e+02, 7.519000003906249674e+01, 9.258400001953124558e+01

5.586901119999999992e+02, 7.816400000000000148e+01, 9.365600001953124831e+01

5.854729599999999436e+02, 7.824800000000000466e+01, 9.378600000000000136e+01

4.858418560000000070e+02, 7.799399999999999977e+01, 9.367600001953124433e+01

5.035172479999999950e+02, 7.808199999999999363e+01, 9.367000000976563001e+01

5.265518720000000030e+02, 7.815200000000000102e+01, 9.376600002929687605e+01

5.717852159999999913e+02, 7.827199999999999136e+01, 9.380600001953125400e+01

4.817946239999999989e+02, 7.815999999999999659e+01, 9.365800001953124365e+01

5.175017599999999902e+02, 7.502199999999999136e+01, 9.245000002929687355e+01

5.992303359999999657e+02, 7.846000000000000796e+01, 9.393199999023437385e+01

5.557397760000000062e+02, 7.523199999999999932e+01, 9.244800000000000750e+01

5.760244480000000067e+02, 7.831199999999999761e+01, 9.373999999023438079e+01

5.817560320000000047e+02, 7.839200003906249492e+01, 9.378400003906250504e+01

5.267046400000000403e+02, 7.822400000000000375e+01, 9.377400000976562922e+01

5.264873599999999669e+02, 7.829400003906249594e+01, 9.369000000976562603e+01

5.174432000000000471e+02, 7.807800003906250197e+01, 9.367800001953125388e+01

5.752443520000000490e+02, 7.828000000000000114e+01, 9.377200001953124797e+01

5.779364480000000412e+02, 7.808400000000000318e+01, 9.371800000976563183e+01

5.155406080000000202e+02, 7.825000000000000000e+01, 9.363600001953125229e+01

5.538370559999999614e+02, 7.831799999999999784e+01, 9.379400003906249594e+01

5.556138879999999745e+02, 7.546999999999999886e+01, 9.265799998046874464e+01

5.925070719999999937e+02, 7.525400000000000489e+01, 9.256600002929687321e+01

4.985079680000000053e+02, 7.814400000000000546e+01, 9.361199998046875237e+01

5.527528959999999643e+02, 7.828199999999999648e+01, 9.375200000976562364e+01

5.712168960000000197e+02, 7.822400000000000375e+01, 9.369799998046875089e+01

5.843961600000000089e+02, 7.834600000000000364e+01, 9.377600000976562455e+01

5.456193279999999959e+02, 7.807800000000000296e+01, 9.362400002929688014e+01

5.813034880000000157e+02, 7.812999999999999545e+01, 9.369400000976563092e+01

5.659902080000000524e+02, 7.810999999999999943e+01, 9.366200001953124854e+01

5.271448319999999512e+02, 7.524600003906249412e+01, 9.256000001953124467e+01

5.125265920000000506e+02, 7.525200003906249435e+01, 9.263200002929687571e+01

5.860070399999999609e+02, 7.837399999999999523e+01, 9.372200002929687912e+01

5.940979839999999967e+02, 7.828600000000000136e+01, 9.384200001953125536e+01

5.628869760000000042e+02, 7.840999999999999659e+01, 9.377400002929687162e+01

5.280549760000000106e+02, 7.828600000000000136e+01, 9.381200001953125422e+01

4.900926719999999932e+02, 7.823600000000000421e+01, 9.369200000976562137e+01

4.964243200000000229e+02, 7.823000000000000398e+01, 9.367200001953125366e+01

5.096895359999999755e+02, 7.829999999999999716e+01, 9.373199999999999932e+01

5.867263359999999466e+02, 7.825199999999999534e+01, 9.378600000976562967e+01

4.392391039999999975e+02, 7.803999999999999204e+01, 9.360400002929686991e+01

4.907296640000000139e+02, 7.812399999999999523e+01, 9.367800001953125388e+01

4.913111680000000092e+02, 7.798400000000000887e+01, 9.365000001953124809e+01

5.000461440000000266e+02, 7.544800000000000750e+01, 9.260199999023437556e+01

5.670638719999999466e+02, 7.823000000000000398e+01, 9.368599999023437874e+01

5.337854720000000270e+02, 7.810399999999999920e+01, 9.368400001953125411e+01

5.956014719999999443e+02, 7.818000000000000682e+01, 9.370000003906250186e+01

5.707559680000000526e+02, 7.529600003906250549e+01, 9.253000000000000114e+01

5.402377599999999802e+02, 7.542600000000000193e+01, 9.260800000976561819e+01

5.783061760000000504e+02, 7.824800000000000466e+01, 9.370799999023437010e+01

4.462225920000000201e+02, 7.808400000000000318e+01, 9.362000002929687525e+01

5.902677119999999604e+02, 7.822200000000000841e+01, 9.370000000976563115e+01

4.799511679999999956e+02, 7.815000000000000568e+01, 9.373000000000000398e+01

4.925492479999999773e+02, 7.810399999999999920e+01, 9.361799999999999500e+01

5.548831999999999880e+02, 7.830400000000000205e+01, 9.380400000976563035e+01

5.617154560000000174e+02, 7.824800000000000466e+01, 9.371200000000000330e+01

5.813021439999999984e+02, 7.542199999999999704e+01, 9.257599999999999341e+01

5.267377279999999473e+02, 7.807600003906250663e+01, 9.374200000000000443e+01

5.284857600000000275e+02, 7.816200000000000614e+01, 9.376000000000000512e+01

5.230213760000000320e+02, 7.827599999999999625e+01, 9.366800002929687707e+01

4.567268480000000181e+02, 7.763400000000000034e+01, 9.338799999023437692e+01

5.738682240000000547e+02, 7.821600000000000819e+01, 9.368999999999999773e+01

5.997361919999999600e+02, 7.811599999999999966e+01, 9.363800003906250424e+01

4.383153280000000223e+02, 7.793999999999999773e+01, 9.355800003906250595e+01

5.450447359999999435e+02, 7.810599999999999454e+01, 9.367000001953124411e+01

5.389609600000000000e+02, 7.821000003906249276e+01, 9.361799999023438090e+01

5.858348160000000462e+02, 7.828799999999999670e+01, 9.383800002929687878e+01

5.040177919999999858e+02, 7.546600003906249299e+01, 9.257999999999999829e+01

5.937206400000000031e+02, 7.835000003906250754e+01, 9.386800003906249401e+01

5.305098880000000463e+02, 7.814400000000000546e+01, 9.373199999999999932e+01

4.999633919999999989e+02, 7.817000000000000171e+01, 9.365600001953124831e+01

5.179870720000000119e+02, 7.821999999999999886e+01, 9.377600000976562455e+01

5.638401280000000497e+02, 7.834000003906250242e+01, 9.368800000000000239e+01

5.993580799999999726e+02, 7.828600000000000136e+01, 9.376600001953124774e+01

5.890401279999999815e+02, 7.837999999999999545e+01, 9.382599999999999341e+01

5.430662399999999934e+02, 7.828399999999999181e+01, 9.375200001953125195e+01

5.145774719999999434e+02, 7.806799999999999784e+01, 9.368800000976563069e+01

5.169927040000000034e+02, 7.825600000000000023e+01, 9.378799999999999670e+01

5.012271999999999821e+02, 7.834399999999999409e+01, 9.374000001953125150e+01

5.057069440000000213e+02, 7.821200000000000330e+01, 9.372199999999999420e+01

5.522633600000000342e+02, 7.828399999999999181e+01, 9.376000000976561921e+01

5.730723840000000564e+02, 7.812399999999999523e+01, 9.364400000976561955e+01

5.524224639999999908e+02, 7.840600000000000591e+01, 9.387400000976562353e+01

4.943038720000000126e+02, 7.807999999999999829e+01, 9.366400001953124388e+01

5.170028800000000047e+02, 7.820200003906249719e+01, 9.368600000976562114e+01

5.465785600000000386e+02, 7.830400000000000205e+01, 9.382800001953124536e+01

4.927747840000000110e+02, 7.814399996093749223e+01, 9.365200000976562933e+01

5.162820480000000316e+02, 7.823199999999999932e+01, 9.375799999999999557e+01

5.649558399999999665e+02, 7.841200000000000614e+01, 9.376200001953125707e+01

5.732659200000000510e+02, 7.824800000000000466e+01, 9.375799999999999557e+01

5.463656959999999572e+02, 7.824399999999999977e+01, 9.365400001953125297e+01

5.772867840000000115e+02, 7.837199999999999989e+01, 9.384000001953124581e+01

5.935143040000000383e+02, 7.541599999999999682e+01, 9.255600001953125400e+01

5.592591999999999643e+02, 7.838800000000000523e+01, 9.378000000000000114e+01

5.364769280000000435e+02, 7.822400003906250276e+01, 9.378599998046874475e+01

4.872351360000000113e+02, 7.826800000000000068e+01, 9.376200000000000045e+01

5.559511680000000524e+02, 7.533799999999999386e+01, 9.251999999023436771e+01

5.836527360000000044e+02, 7.826800000000000068e+01, 9.378799999999999670e+01

5.678858239999999569e+02, 7.818600000000000705e+01, 9.364400001953124786e+01

5.824786560000000009e+02, 7.531600000000000250e+01, 9.262199999023437158e+01

5.769719039999999950e+02, 7.845000000000000284e+01, 9.377400001953125752e+01

5.345342080000000351e+02, 7.836800007812499302e+01, 9.377599999999999625e+01

5.343519999999999754e+02, 7.832200000000000273e+01, 9.378199999023436817e+01

5.608564480000000003e+02, 7.825799999999999557e+01, 9.377199998046874896e+01

4.504569599999999809e+02, 7.789400000000000546e+01, 9.353799999999999670e+01

5.021175680000000057e+02, 7.807000003906250640e+01, 9.372799999999999443e+01

5.904295680000000175e+02, 7.851800000000000068e+01, 9.376199998046874384e+01

4.760320639999999912e+02, 7.817000000000000171e+01, 9.367600001953124433e+01

5.087158400000000142e+02, 7.825600000000000023e+01, 9.370600000976563138e+01

5.567932160000000295e+02, 7.850799999999999557e+01, 9.381000000000000227e+01

5.484159359999999879e+02, 7.840200000000000102e+01, 9.381799998046875544e+01

5.741256959999999481e+02, 7.526600003906250436e+01, 9.248400001953125127e+01

5.569199360000000070e+02, 7.808400000000000318e+01, 9.369000002929686843e+01

5.283437440000000151e+02, 7.801800000000000068e+01, 9.357800001953124536e+01

5.703672319999999445e+02, 7.563400000000000034e+01, 9.264000000000000057e+01

5.493289600000000519e+02, 7.837999999999999545e+01, 9.375200002929688026e+01

5.226320640000000139e+02, 7.828000000000000114e+01, 9.379000001953124865e+01

5.314365440000000262e+02, 7.811599999999999966e+01, 9.373600003906250322e+01

5.106678400000000124e+02, 7.822599999999999909e+01, 9.371200001953124570e+01

4.638374400000000151e+02, 7.812999999999999545e+01, 9.366999998046874509e+01

5.749456000000000131e+02, 7.815399999999999636e+01, 9.382600001953125002e+01

5.257817599999999629e+02, 7.791800000000000637e+01, 9.360199998046874725e+01

4.831287040000000275e+02, 7.808800003906250708e+01, 9.371800003906250254e+01

5.751689599999999700e+02, 7.537399999999999523e+01, 9.253000001953124354e+01

5.035077759999999785e+02, 7.817000000000000171e+01, 9.360799999023437579e+01

5.904589439999999740e+02, 7.832800000000000296e+01, 9.384200001953125536e+01

5.901993599999999560e+02, 7.819599999999999795e+01, 9.383799999999999386e+01

5.021190399999999840e+02, 7.835599999999999454e+01, 9.378000000000000114e+01

5.327509760000000369e+02, 7.814199999999999591e+01, 9.363400003906249935e+01

5.300144639999999754e+02, 7.816800000000000637e+01, 9.367000000000000171e+01

5.069489919999999756e+02, 7.535000003906250754e+01, 9.255599999999999739e+01

5.364462079999999560e+02, 7.839799999999999613e+01, 9.377600001953125286e+01

5.850334080000000085e+02, 7.834000000000000341e+01, 9.380199999999999250e+01

5.644393599999999651e+02, 7.824599999999999511e+01, 9.387200001953125650e+01

5.736411520000000337e+02, 7.828800003906249572e+01, 9.379600001953124888e+01

4.998015359999999987e+02, 7.823999999999999488e+01, 9.368600003906250606e+01

5.009579519999999775e+02, 7.812600000000000477e+01, 9.367800001953125388e+01

5.757455360000000155e+02, 7.825000000000000000e+01, 9.379799999023437351e+01

5.129452159999999594e+02, 7.803199999999999648e+01, 9.362399999023438113e+01

5.580741120000000137e+02, 7.546200000000000330e+01, 9.254200000976562990e+01

5.387380480000000489e+02, 7.841800000000000637e+01, 9.382200001953124513e+01

5.667857279999999491e+02, 7.806000000000000227e+01, 9.368200002929687287e+01

5.551007359999999835e+02, 7.824200000000000443e+01, 9.378400000000000603e+01

5.836597120000000132e+02, 7.812800000000000011e+01, 9.373999999999999488e+01

5.999541759999999613e+02, 7.515999999999999659e+01, 9.247200001953125081e+01

5.323472639999999956e+02, 7.832000007812499121e+01, 9.380000003906249617e+01

5.485464960000000474e+02, 7.825600000000000023e+01, 9.375200003906249435e+01

5.845832319999999527e+02, 7.797800000000000864e+01, 9.360800000976561819e+01

5.603500800000000481e+02, 7.791800000000000637e+01, 9.360800001953124649e+01

5.154988160000000335e+02, 7.830599999999999739e+01, 9.378600001953124377e+01

5.444693119999999453e+02, 7.830199999999999250e+01, 9.373799999023437124e+01

5.570600319999999783e+02, 7.830200003906250572e+01, 9.378000003906250015e+01

4.713055360000000178e+02, 7.793399999999999750e+01, 9.363800000976561932e+01

5.611361279999999851e+02, 7.549000003906249390e+01, 9.268200000000000216e+01

5.257024639999999636e+02, 7.800600000000000023e+01, 9.371200000000000330e+01

5.710447359999999435e+02, 7.804800003906250083e+01, 9.371999999023437056e+01

5.129971839999999474e+02, 7.812999999999999545e+01, 9.369600001953125457e+01

5.388382719999999608e+02, 7.823400000000000887e+01, 9.368399999999999750e+01

4.837925759999999968e+02, 7.826999999999999602e+01, 9.372000001953125548e+01

5.337502719999999954e+02, 7.845600000000000307e+01, 9.374600001953125172e+01

5.698336000000000467e+02, 7.837999999999999545e+01, 9.381000001953124467e+01

5.177871360000000323e+02, 7.828199999999999648e+01, 9.375599999023437192e+01

5.984202880000000278e+02, 7.823999999999999488e+01, 9.370000001953124524e+01

5.406955520000000206e+02, 7.804800000000000182e+01, 9.369800000000000750e+01

5.425811200000000554e+02, 7.821600003906249299e+01, 9.362200003906249890e+01

5.576846080000000256e+02, 7.520000000000000284e+01, 9.248200003906249833e+01

5.604796159999999645e+02, 7.824800000000000466e+01, 9.365800003906250026e+01

5.019905919999999924e+02, 7.822800000000000864e+01, 9.368800000000000239e+01

5.527310079999999743e+02, 7.837199999999999989e+01, 9.382000001953124979e+01

5.805919360000000324e+02, 7.540600003906250492e+01, 9.262799999023437181e+01

5.194274560000000065e+02, 7.840400003906249538e+01, 9.378800000976562501e+01

5.377665279999999939e+02, 7.557800000000000296e+01, 9.263800001953124763e+01

5.362011519999999791e+02, 7.511400000000000432e+01, 9.250400002929687560e+01

5.730883199999999533e+02, 7.823800003906249856e+01, 9.374599999023438102e+01

4.665913600000000088e+02, 7.810800000000000409e+01, 9.370999997070312304e+01

4.943791360000000168e+02, 7.505200003906250572e+01, 9.231600002929687321e+01

5.176499199999999519e+02, 7.817000000000000171e+01, 9.366599999999999682e+01

5.650693119999999681e+02, 7.801800000000000068e+01, 9.365600000976562001e+01

5.999998080000000300e+02, 7.831199999999999761e+01, 9.382600001953125002e+01

5.639628159999999752e+02, 7.837600000000000477e+01, 9.377000001953125263e+01

5.712200319999999465e+02, 7.801200003906249947e+01, 9.369000000976562603e+01

5.615295999999999594e+02, 7.804800000000000182e+01, 9.365800005859375688e+01

5.141591039999999566e+02, 7.817799999999999727e+01, 9.367200003906249606e+01

5.155296640000000252e+02, 7.828600000000000136e+01, 9.376799999023437238e+01

5.427114239999999654e+02, 7.545200003906249719e+01, 9.263600001953125229e+01

5.873596800000000258e+02, 7.815399999999999636e+01, 9.369400000000000261e+01

5.403781760000000531e+02, 7.829999999999999716e+01, 9.376800001953125729e+01

5.412441599999999653e+02, 7.816599999999999682e+01, 9.364799998046875373e+01

5.785541759999999840e+02, 7.803199999999999648e+01, 9.367800000976562558e+01

5.100219519999999989e+02, 7.544000003906249674e+01, 9.253800000976562501e+01

5.581490559999999732e+02, 7.820199999999999818e+01, 9.369200001953124968e+01

5.521073920000000044e+02, 7.518800000000000239e+01, 9.244000001953125434e+01

5.528823680000000422e+02, 7.827400000000000091e+01, 9.370200001953125479e+01

5.596487680000000182e+02, 7.850400000000000489e+01, 9.389000001953124297e+01

5.418192639999999756e+02, 7.802799999999999159e+01, 9.359200001953125536e+01

5.928201599999999871e+02, 7.814600007812499882e+01, 9.371399999999999864e+01

5.661349119999999857e+02, 7.833400000000000318e+01, 9.379200000000000159e+01

5.413335039999999481e+02, 7.832399999999999807e+01, 9.375800001953125218e+01

5.937088639999999486e+02, 7.535800000000000409e+01, 9.257200001953124513e+01

5.841676159999999527e+02, 7.836400000000000432e+01, 9.378800001953125332e+01

5.824052480000000287e+02, 7.548000000000000398e+01, 9.265200001953124342e+01

5.160155519999999569e+02, 7.834199999999999875e+01, 9.382399999023436976e+01

5.547480319999999665e+02, 7.533600003906249754e+01, 9.254000000000000625e+01

4.702366719999999987e+02, 7.823600000000000421e+01, 9.373200000976562762e+01

5.499521280000000161e+02, 7.510999999999999943e+01, 9.238000002929688037e+01

5.373026559999999563e+02, 7.818399999999999750e+01, 9.363600001953125229e+01

4.759392639999999801e+02, 7.831399999999999295e+01, 9.375000000000000000e+01

5.277614720000000261e+02, 7.828600000000000136e+01, 9.370200001953125479e+01

5.776359039999999823e+02, 7.812800000000000011e+01, 9.365600000000000591e+01

4.932917120000000182e+02, 7.814199999999999591e+01, 9.371200001953124570e+01

5.578483199999999442e+02, 7.829600003906250549e+01, 9.381000000976563058e+01

5.918118399999999610e+02, 7.823199999999999932e+01, 9.371400001953125525e+01

5.209798399999999674e+02, 7.812199999999999989e+01, 9.369800001953124990e+01

5.065918720000000235e+02, 7.820400000000000773e+01, 9.372600003906249810e+01

5.749601920000000064e+02, 7.816800003906249117e+01, 9.372400000000000375e+01

5.776590079999999716e+02, 7.832800000000000296e+01, 9.372799999023438033e+01

5.218273920000000317e+02, 7.820000000000000284e+01, 9.378799999999999670e+01

5.698055679999999938e+02, 7.827199999999999136e+01, 9.375000000000000000e+01

5.530775680000000420e+02, 7.794800000000000750e+01, 9.365800000000000125e+01

5.364102400000000443e+02, 7.835399999999999920e+01, 9.377000000976562433e+01

5.366398719999999685e+02, 7.835800000000000409e+01, 9.376600000976561944e+01

5.702883199999999988e+02, 7.823999999999999488e+01, 9.370800003906249742e+01

5.361731200000000399e+02, 7.818200000000000216e+01, 9.384199999023437044e+01

5.494118399999999838e+02, 7.823999999999999488e+01, 9.381799999999999784e+01

4.919351040000000239e+02, 7.844200000000000728e+01, 9.374000003906249390e+01

5.654963199999999688e+02, 7.824800000000000466e+01, 9.376000000000000512e+01

4.762483199999999783e+02, 7.828600003906250038e+01, 9.371200002929687400e+01

5.995204479999999876e+02, 7.846399999999999864e+01, 9.386400003906250333e+01

5.237806080000000293e+02, 7.814400000000000546e+01, 9.374399999999999977e+01

5.228972159999999576e+02, 7.825000000000000000e+01, 9.370200001953125479e+01

5.954533119999999826e+02, 7.851200000000000045e+01, 9.382400003906249708e+01

5.492417279999999664e+02, 7.807999999999999829e+01, 9.368600000000000705e+01

5.850154240000000527e+02, 7.818399999999999750e+01, 9.375600001953125684e+01

5.652142720000000509e+02, 7.838000003906250868e+01, 9.380199999999999250e+01

5.999806720000000269e+02, 7.821800000000000352e+01, 9.372399999023437545e+01

5.605018880000000081e+02, 7.808400000000000318e+01, 9.377200000000000557e+01

4.514159359999999879e+02, 7.818999999999999773e+01, 9.370799999999999841e+01

5.683519999999999754e+02, 7.831399999999999295e+01, 9.377999999023437283e+01

5.934385919999999714e+02, 7.821999999999999886e+01, 9.384199999023437044e+01

4.788590720000000260e+02, 7.529000007812500428e+01, 9.257800001953124536e+01

5.798415360000000192e+02, 7.823999999999999488e+01, 9.382200001953124513e+01

5.801052160000000413e+02, 7.831199999999999761e+01, 9.369600001953125457e+01

5.519078399999999647e+02, 7.832999999999999829e+01, 9.372400001953124615e+01

4.872049279999999953e+02, 7.524800000000000466e+01, 9.243200001953124456e+01

5.775343360000000530e+02, 7.816200000000000614e+01, 9.367999998046875021e+01

5.770375679999999647e+02, 7.832599999999999341e+01, 9.383600001953125513e+01

5.046060160000000110e+02, 7.833599999999999852e+01, 9.378800001953125332e+01

5.799173759999999902e+02, 7.550199999999999534e+01, 9.250400002929687560e+01

5.289918079999999918e+02, 7.520000003906250186e+01, 9.257600000976562171e+01

5.864847999999999502e+02, 7.541800000000000637e+01, 9.268800001953124479e+01

5.651084160000000338e+02, 7.848999999999999488e+01, 9.384600000976561773e+01

5.611040000000000418e+02, 7.828000000000000114e+01, 9.379600001953124888e+01

5.649900800000000345e+02, 7.545600000000000307e+01, 9.250199999999999534e+01

5.451104000000000269e+02, 7.810599999999999454e+01, 9.363000002929688037e+01

4.678535039999999867e+02, 7.811199999999999477e+01, 9.357000000976562148e+01

5.516344319999999470e+02, 7.538400000000000034e+01, 9.255199999999999250e+01

5.620005760000000237e+02, 7.831199999999999761e+01, 9.376999999999999602e+01

5.504460159999999860e+02, 7.501000000000000512e+01, 9.238200003906250402e+01

5.209709440000000313e+02, 7.835200000000000387e+01, 9.372600003906249810e+01

5.768002559999999903e+02, 7.530400003906250106e+01, 9.258799999999999386e+01

5.632885119999999688e+02, 7.843400003906249651e+01, 9.376399999023436749e+01

5.554024960000000419e+02, 7.839799999999999613e+01, 9.379800001953124422e+01

5.806526079999999865e+02, 7.807800000000000296e+01, 9.364199999999999591e+01

5.920858240000000023e+02, 7.528399999999999181e+01, 9.245400001953125013e+01

5.320533759999999575e+02, 7.845400000000000773e+01, 9.373600000000000421e+01

5.623560959999999795e+02, 7.805400000000000205e+01, 9.360200001953124627e+01

5.667276160000000118e+02, 7.822800000000000864e+01, 9.371399999023437033e+01

5.536928639999999859e+02, 7.821600000000000819e+01, 9.373800000976562785e+01

5.849441920000000437e+02, 7.833800003906250708e+01, 9.375200001953125195e+01

5.436512000000000171e+02, 7.814199999999999591e+01, 9.373199999999999932e+01

5.436216960000000427e+02, 7.829599999999999227e+01, 9.376800000976562899e+01

5.779845759999999473e+02, 7.832800000000000296e+01, 9.386400001953124672e+01

5.165196799999999939e+02, 7.531999999999999318e+01, 9.245600002929687378e+01

5.451001599999999598e+02, 7.810800000000000409e+01, 9.371200001953124570e+01

5.898024319999999534e+02, 7.523000000000000398e+01, 9.245200003906249719e+01

5.392000639999999976e+02, 7.824200000000000443e+01, 9.376800000976562899e+01